Fill	Timestamp [s]	Duration [s]	Temperature [K]	Fluence [n_eq/cm2/s]	Leakage_current [mA/cm2]
8210	1664455324	1200		265.45		   5463055		857.50
8210	1664458924	3600		265.55		   5313139		868.00
8210	1664462524	3600		265.38		   5240825		853.50
8210	1664466124	3600		265.33		   5155355		840.00
8210	1664469724	3600		265.61		   6227192		870.50
8210	1664473324	3600		265.33		   8314752		822.00
8210	1664476924	3600		265.54		   3329871		867.50
8210	1664478684	1760		265.60		   6728692		866.50
8211	1664479884	1200		265.36		   6728692		-999.00
8212	1664483484	3600		265.53		   6728692		-999.00
8213	1664487084	3600		260.96		   6728692		-999.00
8214	1664490684	3600		261.10		   6728692		-999.00
8215	1664478684	-12000		261.34		   6728692		-999.00
8211	1664493171	1200		265.56		   6029370		865.00
8211	1664496771	3600		265.66		   8048702		869.50
8211	1664500371	3600		265.64		   7457405		867.50
8211	1664501041	670		265.65		   7635131		864.00
8212	1664502241	1200		260.94		   7635131		-999.00
8213	1664505841	3600		261.12		   7635131		-999.00
8214	1664501041	-4800		261.28		   7635131		-999.00
8212	1664509042	1200		266.01		  19245109		869.50
8212	1664512642	3600		266.47		  31296863		884.00
8212	1664516242	3600		265.82		  11554079		879.50
8212	1664519842	3600		266.09		  27414374		839.50
8212	1664520159	317		266.34		  35881798		836.00
8213	1664521359	1200		260.98		  35881798		-999.00
8214	1664524959	3600		261.26		  35881798		-999.00
8215	1664528559	3600		261.16		  35881798		-999.00
8216	1664532159	3600		261.15		  35881798		-999.00
8217	1664535759	3600		261.08		  35881798		-999.00
8218	1664539359	3600		261.20		  35881798		-999.00
8219	1664520159	-19200		261.42		  35881798		-999.00
8214	1664543644	1200		266.49		  36868567		875.50
8214	1664547244	3600		265.33		   8365010		835.00
8214	1664550844	3600		265.27		         0		847.00
8214	1664551919	1075		265.44		         0		885.00
8215	1664553119	1200		265.78		         0		-999.00
8216	1664556719	3600		265.69		         0		-999.00
8217	1664560319	3600		261.16		         0		-999.00
8218	1664551919	-8400		261.44		         0		-999.00
8216	1664564824	1200		266.74		  44079898		888.50
8216	1664568424	3600		266.99		  56145170		880.50
8216	1664572024	3600		266.58		  51667031		823.00
8216	1664575624	3600		266.92		  47603022		893.00
8216	1664579224	3600		266.81		  43859631		893.50
8216	1664582824	3600		266.73		  41375106		890.50
8216	1664586424	3600		266.65		  38456321		888.00
8216	1664590024	3600		266.59		  36434918		888.50
8216	1664593624	3600		266.52		  34167208		889.00
8216	1664594071	447		266.44		  31609042		889.00
8217	1664595271	1200		265.57		  31609042		-999.00
8218	1664598871	3600		261.15		  31609042		-999.00
8219	1664602471	3600		261.15		  31609042		-999.00
8220	1664606071	3600		261.15		  31609042		-999.00
8221	1664609671	3600		261.15		  31609042		-999.00
8222	1664613271	3600		261.15		  31609042		-999.00
8223	1664594071	-19200		261.49		  31609042		-999.00
8220	1664615149	1200		268.21		  85985067		928.00
8220	1664618749	3600		268.25		 107177646		840.00
8220	1664622349	3600		268.64		  99300841		927.50
8220	1664625949	3600		268.44		  92471489		930.00
8220	1664629549	3600		268.33		  89027332		925.00
8220	1664633149	3600		268.14		  83998805		920.50
8220	1664636749	3600		267.84		  78885804		909.00
8220	1664640349	3600		267.79		  74457467		916.00
8220	1664643949	3600		267.68		  70697095		913.50
8220	1664647549	3600		267.57		  66997241		911.00
8220	1664651149	3600		267.47		  63873113		912.00
8220	1664654749	3600		267.34		  60799356		907.50
8220	1664658349	3600		266.95		  54104725		889.00
8220	1664658943	594		266.97		  53401526		896.00
8221	1664660143	1200		261.11		  53401526		-999.00
8222	1664663743	3600		261.00		  53401526		-999.00
8223	1664667343	3600		261.11		  53401526		-999.00
8224	1664670943	3600		261.03		  53401526		-999.00
8225	1664658943	-12000		261.07		  53401526		-999.00
8221	1664672327	1200		268.19		  85866764		942.00
8221	1664675927	3600		268.72		 103618580		938.00
8221	1664679527	3600		268.44		  94338652		933.50
8221	1664683127	3600		268.25		  87828814		931.50
8221	1664686727	3600		268.05		  81350582		930.00
8221	1664690327	3600		267.85		  75853577		926.50
8221	1664693927	3600		267.75		  72458127		923.50
8221	1664697527	3600		267.59		  68260553		919.50
8221	1664701127	3600		267.47		  65518050		920.50
8221	1664704727	3600		267.34		  61268182		917.00
8221	1664708327	3600		267.25		  58321270		919.00
8221	1664711927	3600		267.17		  55814138		915.50
8221	1664715527	3600		260.94		  53514051		 22.00
8221	1664717030	1503		260.94		  52223859		 22.00
8222	1664718230	1200		261.13		  52223859		-999.00
8223	1664721830	3600		261.07		  52223859		-999.00
8224	1664725430	3600		261.11		  52223859		-999.00
8225	1664717030	-8400		261.02		  52223859		-999.00
8222	1664729864	1200		268.47		  99181892		936.50
8222	1664733464	3600		269.58		 128586890		967.00
8222	1664737064	3600		269.58		 126184756		971.50
8222	1664740664	3600		269.15		 115445830		961.50
8222	1664744264	3600		268.88		 107703867		956.50
8222	1664745477	1213		268.71		 102094314		952.50
8223	1664746677	1200		261.05		 102094314		-999.00
8224	1664750277	3600		261.13		 102094314		-999.00
8225	1664753877	3600		261.13		 102094314		-999.00
8226	1664757477	3600		265.61		 102094314		-999.00
8227	1664761077	3600		265.54		 102094314		-999.00
8228	1664764677	3600		265.61		 102094314		-999.00
8229	1664768277	3600		265.67		 102094314		-999.00
8230	1664771877	3600		265.42		 102094314		-999.00
8231	1664775477	3600		265.09		 102094314		-999.00
8232	1664779077	3600		260.90		 102094314		-999.00
8233	1664782677	3600		261.11		 102094314		-999.00
8234	1664786277	3600		261.11		 102094314		-999.00
8235	1664745477	-40800		261.18		 102094314		-999.00
8223	1664791054	1200		268.70		 103464203		955.50
8223	1664794654	3600		269.63		 130536254		972.50
8223	1664798254	3600		269.49		 125826803		967.50
8223	1664801854	3600		269.15		 115327218		965.50
8223	1664805454	3600		268.86		 107230319		959.50
8223	1664809054	3600		268.64		  99758616		958.00
8223	1664812654	3600		268.46		  93844912		956.00
8223	1664816254	3600		268.25		  87751609		951.00
8223	1664817946	1692		268.14		  84262816		952.00
8224	1664819146	1200		264.97		  84262816		-999.00
8225	1664822746	3600		261.07		  84262816		-999.00
8226	1664826346	3600		261.11		  84262816		-999.00
8227	1664829946	3600		261.17		  84262816		-999.00
8228	1664817946	-12000		261.61		  84262816		-999.00
8225	1664832855	1200		268.37		  93840691		957.50
8225	1664836455	3600		269.55		 128165739		979.50
8225	1664840055	3600		269.23		 117566172		975.50
8225	1664843655	3600		268.89		 106057765		973.50
8225	1664847255	3600		268.69		  99475058		967.00
8225	1664850855	3600		268.35		  93361278		953.00
8225	1664854455	3600		268.20		  87057264		960.50
8225	1664858055	3600		268.02		  81105873		958.00
8225	1664861655	3600		267.92		  77558962		955.50
8225	1664865255	3600		267.88		  76488934		954.00
8225	1664868855	3600		267.79		  73284248		954.00
8225	1664872455	3600		267.28		  65216211		931.50
8225	1664874559	2104		267.22		  58250144		946.00
8226	1664875759	1200		260.85		  58250144		-999.00
8227	1664879359	3600		261.17		  58250144		-999.00
8228	1664882959	3600		261.14		  58250144		-999.00
8229	1664874559	-8400		261.12		  58250144		-999.00
8226	1664884497	1200		265.35		    224342		912.50
8226	1664888097	3600		265.35		    214905		913.00
8226	1664891142	3045		265.35		    207716		910.50
8227	1664892342	1200		260.90		    207716		-999.00
8228	1664895942	3600		261.08		    207716		-999.00
8229	1664899542	3600		261.12		    207716		-999.00
8230	1664903142	3600		261.10		    207716		-999.00
8231	1664906742	3600		261.09		    207716		-999.00
8232	1664910342	3600		261.09		    207716		-999.00
8233	1664913942	3600		261.10		    207716		-999.00
8234	1664891142	-22800		261.21		    207716		-999.00
8228	1664917286	1200		268.70		 103927449		983.00
8228	1664920886	3600		269.85		 136909698		1001.00
8228	1664924486	3600		269.70		 131823155		992.50
8228	1664928086	3600		269.28		 123458170		974.50
8228	1664931686	3600		269.06		 113478619		988.50
8228	1664935286	3600		268.82		 107509228		978.50
8228	1664938886	3600		268.58		 100747984		976.50
8228	1664942486	3600		268.46		  94372646		977.50
8228	1664946086	3600		268.23		  88942338		976.50
8228	1664946665	579		268.14		  86150841		976.00
8229	1664947865	1200		265.50		  86150841		-999.00
8230	1664951465	3600		265.15		  86150841		-999.00
8231	1664955065	3600		265.29		  86150841		-999.00
8232	1664958665	3600		265.47		  86150841		-999.00
8233	1664962265	3600		265.66		  86150841		-999.00
8234	1664965865	3600		260.93		  86150841		-999.00
8235	1664969465	3600		261.09		  86150841		-999.00
8236	1664973065	3600		265.55		  86150841		-999.00
8237	1664976665	3600		260.92		  86150841		-999.00
8238	1664980265	3600		261.16		  86150841		-999.00
8239	1664983865	3600		261.08		  86150841		-999.00
8240	1664987465	3600		261.04		  86150841		-999.00
8241	1664946665	-40800		261.60		  86150841		-999.00
8230	1664990014	1200		268.79		 124329211		902.00
8230	1664993614	3600		270.19		 145290761		1021.00
8230	1664995346	1732		270.32		 149810148		1015.00
8231	1664996546	1200		264.97		 149810148		-999.00
8232	1665000146	3600		265.59		 149810148		-999.00
8233	1665003746	3600		265.69		 149810148		-999.00
8234	1665007346	3600		265.69		 149810148		-999.00
8235	1665010946	3600		265.69		 149810148		-999.00
8236	1665014546	3600		265.69		 149810148		-999.00
8237	1665018146	3600		261.19		 149810148		-999.00
8238	1665021746	3600		261.11		 149810148		-999.00
8239	1665025346	3600		261.10		 149810148		-999.00
8240	1664995346	-30000		261.83		 149810148		-999.00
8232	1665026848	1200		265.32		    236996		920.50
8232	1665030448	3600		265.32		    228171		923.50
8232	1665034048	3600		265.32		    218082		923.50
8232	1665036859	2811		265.32		    205276		920.00
8233	1665038059	1200		260.90		    205276		-999.00
8234	1665041659	3600		261.06		    205276		-999.00
8235	1665036859	-4800		261.18		    205276		-999.00
8233	1665045872	1200		265.61		   9557527		925.50
8233	1665049472	3600		265.69		   9673581		928.50
8233	1665053072	3600		265.54		   8956160		916.50
8233	1665054040	968		261.08		   8246755		 22.00
8234	1665055240	1200		260.89		   8246755		-999.00
8235	1665058840	3600		261.12		   8246755		-999.00
8236	1665062440	3600		261.12		   8246755		-999.00
8237	1665066040	3600		261.13		   8246755		-999.00
8238	1665069640	3600		261.11		   8246755		-999.00
8239	1665073240	3600		261.08		   8246755		-999.00
8240	1665076840	3600		265.27		   8246755		-999.00
8241	1665080440	3600		265.64		   8246755		-999.00
8242	1665084040	3600		265.64		   8246755		-999.00
8243	1665087640	3600		265.64		   8246755		-999.00
8244	1665091240	3600		265.64		   8246755		-999.00
8245	1665094840	3600		265.64		   8246755		-999.00
8246	1665098440	3600		265.64		   8246755		-999.00
8247	1665102040	3600		265.64		   8246755		-999.00
8248	1665105640	3600		265.64		   8246755		-999.00
8249	1665109240	3600		265.64		   8246755		-999.00
8250	1665112840	3600		265.64		   8246755		-999.00
8251	1665116440	3600		265.64		   8246755		-999.00
8252	1665120040	3600		265.64		   8246755		-999.00
8253	1665123640	3600		265.32		   8246755		-999.00
8254	1665127240	3600		265.65		   8246755		-999.00
8255	1665130840	3600		261.12		   8246755		-999.00
8256	1665134440	3600		261.12		   8246755		-999.00
8257	1665138040	3600		261.05		   8246755		-999.00
8258	1665141640	3600		261.01		   8246755		-999.00
8259	1665145240	3600		261.05		   8246755		-999.00
8260	1665148840	3600		261.06		   8246755		-999.00
8261	1665054040	-94800		260.97		   8246755		-999.00
8236	1665153442	1200		267.47		  61874650		975.50
8236	1665157042	3600		269.34		 117510742		1015.00
8236	1665160642	3600		270.01		 142292400		1002.00
8236	1665164242	3600		269.59		 129405250		999.50
8236	1665167842	3600		269.33		 120619722		998.50
8236	1665171442	3600		268.99		 111122494		995.00
8236	1665175042	3600		268.80		 104694932		990.50
8236	1665178642	3600		268.59		  97415159		987.00
8236	1665182242	3600		268.39		  91890517		980.00
8236	1665185842	3600		268.21		  86320479		983.00
8236	1665189442	3600		268.03		  81441321		979.00
8236	1665193042	3600		267.92		  77549310		979.50
8236	1665196448	3406		267.79		  73466893		973.50
8237	1665197648	1200		265.52		  73466893		-999.00
8238	1665201248	3600		265.64		  73466893		-999.00
8239	1665204848	3600		265.65		  73466893		-999.00
8240	1665208448	3600		265.69		  73466893		-999.00
8241	1665212048	3600		261.18		  73466893		-999.00
8242	1665215648	3600		261.10		  73466893		-999.00
8243	1665219248	3600		261.10		  73466893		-999.00
8244	1665196448	-22800		261.59		  73466893		-999.00
8238	1665222056	1200		267.88		  89394345		919.00
8238	1665225656	3600		269.43		 122795414		1015.00
8238	1665229256	3600		269.70		 132124032		1014.00
8238	1665232856	3600		269.38		 121614312		1003.00
8238	1665236456	3600		269.10		 113530003		1006.00
8238	1665240056	3600		268.77		 105225237		1000.50
8238	1665243656	3600		268.57		  98529983		995.00
8238	1665247256	3600		268.41		  93332385		992.50
8238	1665250856	3600		268.23		  87262778		992.50
8238	1665254456	3600		268.10		  82844745		989.00
8238	1665257519	3063		267.96		  78416488		989.00
8239	1665258719	1200		265.23		  78416488		-999.00
8240	1665262319	3600		265.51		  78416488		-999.00
8241	1665265919	3600		265.62		  78416488		-999.00
8242	1665269519	3600		265.66		  78416488		-999.00
8243	1665273119	3600		265.57		  78416488		-999.00
8244	1665276719	3600		265.69		  78416488		-999.00
8245	1665280319	3600		265.69		  78416488		-999.00
8246	1665283919	3600		265.71		  78416488		-999.00
8247	1665287519	3600		265.70		  78416488		-999.00
8248	1665291119	3600		265.62		  78416488		-999.00
8249	1665294719	3600		265.75		  78416488		-999.00
8250	1665298319	3600		265.79		  78416488		-999.00
8251	1665301919	3600		265.33		  78416488		-999.00
8252	1665305519	3600		265.57		  78416488		-999.00
8253	1665309119	3600		265.74		  78416488		-999.00
8254	1665312719	3600		265.74		  78416488		-999.00
8255	1665316319	3600		265.70		  78416488		-999.00
8256	1665319919	3600		261.02		  78416488		-999.00
8257	1665323519	3600		261.14		  78416488		-999.00
8258	1665327119	3600		261.18		  78416488		-999.00
8259	1665330719	3600		261.18		  78416488		-999.00
8260	1665334319	3600		261.18		  78416488		-999.00
8261	1665337919	3600		261.18		  78416488		-999.00
8262	1665257519	-80400		261.61		  78416488		-999.00
8245	1665342036	1200		268.55		  94087685		1019.00
8245	1665345636	3600		269.92		 139190154		1022.00
8245	1665349236	3600		269.98		 140120567		1030.00
8245	1665352836	3600		269.88		 137915890		1027.00
8245	1665356436	3600		269.57		 127713360		1020.00
8245	1665360036	3600		268.67		 118725734		922.00
8245	1665363636	3600		268.91		 109983047		1007.00
8245	1665367236	3600		268.76		 103610530		1010.00
8245	1665370836	3600		268.46		  96410102		1000.00
8245	1665374436	3600		268.39		  91639230		1007.00
8245	1665378036	3600		268.16		  85199504		1004.00
8245	1665381636	3600		268.05		  81432712		1002.00
8245	1665385236	3600		267.93		  77362887		1003.00
8245	1665387078	1842		267.24		  63459457		975.50
8246	1665388278	1200		261.02		  63459457		-999.00
8247	1665391878	3600		261.10		  63459457		-999.00
8248	1665395478	3600		261.16		  63459457		-999.00
8249	1665399078	3600		261.11		  63459457		-999.00
8250	1665402678	3600		261.09		  63459457		-999.00
8251	1665387078	-15600		261.02		  63459457		-999.00
8247	1665403955	1200		268.70		 102375046		1019.00
8247	1665407555	3600		269.47		 122905599		1042.00
8247	1665411155	3600		269.95		 138789017		1049.00
8247	1665414755	3600		269.95		 139297027		1041.00
8247	1665418355	3600		269.63		 128715456		1035.00
8247	1665421955	3600		269.32		 119075616		1030.00
8247	1665425555	3600		269.06		 111935464		1029.00
8247	1665429155	3600		268.86		 105286372		1025.00
8247	1665432755	3600		268.46		  97605776		1009.00
8247	1665436355	3600		268.43		  92994605		1024.00
8247	1665439955	3600		268.20		  87892961		1011.00
8247	1665443555	3600		268.06		  83174318		1012.00
8247	1665447155	3600		267.91		  78108800		1012.00
8247	1665450755	3600		267.81		  74823109		1009.00
8247	1665451369	614		267.84		  75705431		1009.00
8248	1665452569	1200		265.52		  75705431		-999.00
8249	1665456169	3600		261.11		  75705431		-999.00
8250	1665451369	-4800		261.57		  75705431		-999.00
8248	1665460253	1200		268.41		  89494591		1039.00
8248	1665463853	3600		269.74		 133587334		1048.00
8248	1665467453	3600		269.79		 135022081		1056.00
8248	1665471053	3600		269.86		 135065573		1059.00
8248	1665474653	3600		269.70		 131976971		1059.00
8248	1665476587	1934		269.46		 124028431		1054.00
