Fill	Timestamp [s]	Duration [s]	Temperature [K]	Fluence [n_eq/cm2/s]	Leakage_current [mA/cm2]
5737	1496460061	1200		267.86		  12506579		 12.00
5737	1496463661	3600		267.86		   6704360		 12.00
5737	1496467261	3600		267.83		    227364		 12.00
5737	1496470861	3600		267.83		    226697		 12.00
5737	1496474461	3600		267.83		    222887		 12.00
5737	1496478061	3600		267.83		    224237		 12.00
5737	1496481661	3600		262.45		    235846		  2.50
5737	1496485261	3600		261.60		    269780		  2.50
5737	1496487110	1849		261.60		    293620		  2.50
5738	1496488310	1200		261.59		    293620		-999.00
5739	1496491910	3600		261.59		    293620		-999.00
5740	1496495510	3600		261.59		    293620		-999.00
5741	1496499110	3600		261.59		    293620		-999.00
5742	1496502710	3600		261.59		    293620		-999.00
5743	1496506310	3600		261.59		    293620		-999.00
5744	1496509910	3600		261.59		    293620		-999.00
5745	1496513510	3600		261.59		    293620		-999.00
5746	1496517110	3600		261.59		    293620		-999.00
5747	1496520710	3600		261.59		    293620		-999.00
5748	1496524310	3600		261.59		    293620		-999.00
5749	1496527910	3600		261.59		    293620		-999.00
5750	1496531510	3600		267.06		    293620		-999.00
5751	1496535110	3600		268.46		    293620		-999.00
5752	1496538710	3600		267.88		    293620		-999.00
5753	1496542310	3600		267.37		    293620		-999.00
5754	1496545910	3600		267.37		    293620		-999.00
5755	1496549510	3600		267.37		    293620		-999.00
5756	1496553110	3600		267.37		    293620		-999.00
5757	1496556710	3600		267.37		    293620		-999.00
5758	1496560310	3600		267.37		    293620		-999.00
5759	1496563910	3600		267.37		    293620		-999.00
5760	1496567510	3600		267.37		    293620		-999.00
5761	1496571110	3600		267.37		    293620		-999.00
5762	1496574710	3600		267.37		    293620		-999.00
5763	1496578310	3600		267.37		    293620		-999.00
5764	1496581910	3600		267.37		    293620		-999.00
5765	1496585510	3600		267.37		    293620		-999.00
5766	1496589110	3600		267.38		    293620		-999.00
5767	1496592710	3600		267.38		    293620		-999.00
5768	1496596310	3600		267.38		    293620		-999.00
5769	1496599910	3600		267.55		    293620		-999.00
5770	1496603510	3600		267.38		    293620		-999.00
5771	1496607110	3600		267.21		    293620		-999.00
5772	1496610710	3600		267.55		    293620		-999.00
5773	1496487110	-123600		261.59		    293620		-999.00
5746	1496614138	1200		268.37		  21549863		 13.50
5746	1496617738	3600		268.31		  19711576		 13.50
5746	1496621338	3600		268.23		  16928553		 13.50
5746	1496624938	3600		268.33		  20176437		 13.50
5746	1496628538	3600		268.28		  18816559		 13.50
5746	1496632138	3600		268.26		  17932228		 13.50
5746	1496635738	3600		268.24		  17243151		 13.50
5746	1496639338	3600		268.20		  16128469		 13.50
5746	1496642938	3600		268.18		  15357891		 13.50
5746	1496646538	3600		268.16		  14780096		 13.50
5746	1496650138	3600		268.12		  13405597		 13.50
5746	1496651353	1215		268.13		  13700250		 13.50
5747	1496652553	1200		267.38		  13700250		-999.00
5748	1496656153	3600		267.55		  13700250		-999.00
5749	1496659753	3600		267.55		  13700250		-999.00
5750	1496663353	3600		267.55		  13700250		-999.00
5751	1496666953	3600		267.38		  13700250		-999.00
5752	1496670553	3600		267.38		  13700250		-999.00
5753	1496674153	3600		267.55		  13700250		-999.00
5754	1496677753	3600		267.21		  13700250		-999.00
5755	1496681353	3600		267.55		  13700250		-999.00
5756	1496684953	3600		267.55		  13700250		-999.00
5757	1496688553	3600		267.55		  13700250		-999.00
5758	1496651353	-37200		267.72		  13700250		-999.00
5759	1496692113	1200		267.72		  13700250		-999.00
5760	1496695713	3600		267.55		  13700250		-999.00
5761	1496699313	3600		267.55		  13700250		-999.00
5762	1496702913	3600		267.55		  13700250		-999.00
5763	1496690913	-12000		267.72		  13700250		-999.00
5750	1496704583	1200		268.30		  19248927		 15.00
5750	1496708183	3600		268.34		  20680666		 15.00
5750	1496711783	3600		268.30		  19396061		 15.00
5750	1496715383	3600		268.27		  18455646		 15.00
5750	1496718983	3600		268.25		  17688895		 15.00
5750	1496722583	3600		268.22		  16748229		 15.00
5750	1496724041	1458		268.21		  16431729		 15.00
5751	1496725241	1200		267.72		  16431729		-999.00
5752	1496728841	3600		267.72		  16431729		-999.00
5753	1496732441	3600		267.72		  16431729		-999.00
5754	1496736041	3600		267.72		  16431729		-999.00
5755	1496739641	3600		267.72		  16431729		-999.00
5756	1496743241	3600		261.80		  16431729		-999.00
5757	1496746841	3600		261.63		  16431729		-999.00
5758	1496750441	3600		261.63		  16431729		-999.00
5759	1496754041	3600		261.63		  16431729		-999.00
5760	1496757641	3600		261.63		  16431729		-999.00
5761	1496761241	3600		261.63		  16431729		-999.00
5762	1496764841	3600		261.63		  16431729		-999.00
5763	1496768441	3600		261.63		  16431729		-999.00
5764	1496772041	3600		261.63		  16431729		-999.00
5765	1496775641	3600		261.63		  16431729		-999.00
5766	1496779241	3600		261.63		  16431729		-999.00
5767	1496782841	3600		261.63		  16431729		-999.00
5768	1496786441	3600		261.63		  16431729		-999.00
5769	1496790041	3600		261.63		  16431729		-999.00
5770	1496793641	3600		261.63		  16431729		-999.00
5771	1496797241	3600		261.63		  16431729		-999.00
5772	1496800841	3600		261.63		  16431729		-999.00
5773	1496804441	3600		261.63		  16431729		-999.00
5774	1496808041	3600		261.63		  16431729		-999.00
5775	1496811641	3600		261.63		  16431729		-999.00
5776	1496815241	3600		261.63		  16431729		-999.00
5777	1496818841	3600		261.63		  16431729		-999.00
5778	1496822441	3600		261.63		  16431729		-999.00
5779	1496826041	3600		261.80		  16431729		-999.00
5780	1496829641	3600		261.80		  16431729		-999.00
5781	1496833241	3600		261.80		  16431729		-999.00
5782	1496836841	3600		261.80		  16431729		-999.00
5783	1496840441	3600		261.80		  16431729		-999.00
5784	1496844041	3600		261.80		  16431729		-999.00
5785	1496847641	3600		261.62		  16431729		-999.00
5786	1496851241	3600		261.62		  16431729		-999.00
5787	1496854841	3600		261.62		  16431729		-999.00
5788	1496858441	3600		261.62		  16431729		-999.00
5789	1496862041	3600		261.62		  16431729		-999.00
5790	1496865641	3600		261.62		  16431729		-999.00
5791	1496869241	3600		261.62		  16431729		-999.00
5792	1496872841	3600		261.62		  16431729		-999.00
5793	1496876441	3600		261.62		  16431729		-999.00
5794	1496880041	3600		261.62		  16431729		-999.00
5795	1496883641	3600		261.62		  16431729		-999.00
5796	1496887241	3600		261.62		  16431729		-999.00
5797	1496890841	3600		261.62		  16431729		-999.00
5798	1496894441	3600		261.62		  16431729		-999.00
5799	1496898041	3600		261.80		  16431729		-999.00
5800	1496901641	3600		261.80		  16431729		-999.00
5801	1496905241	3600		261.80		  16431729		-999.00
5802	1496908841	3600		261.80		  16431729		-999.00
5803	1496912441	3600		261.80		  16431729		-999.00
5804	1496916041	3600		261.62		  16431729		-999.00
5805	1496919641	3600		261.62		  16431729		-999.00
5806	1496923241	3600		261.62		  16431729		-999.00
5807	1496926841	3600		261.62		  16431729		-999.00
5808	1496930441	3600		261.62		  16431729		-999.00
5809	1496934041	3600		261.62		  16431729		-999.00
5810	1496937641	3600		261.62		  16431729		-999.00
5811	1496941241	3600		261.62		  16431729		-999.00
5812	1496944841	3600		261.62		  16431729		-999.00
5813	1496948441	3600		261.62		  16431729		-999.00
5814	1496952041	3600		261.62		  16431729		-999.00
5815	1496955641	3600		261.62		  16431729		-999.00
5816	1496959241	3600		261.62		  16431729		-999.00
5817	1496962841	3600		261.62		  16431729		-999.00
5818	1496966441	3600		261.62		  16431729		-999.00
5819	1496970041	3600		261.62		  16431729		-999.00
5820	1496973641	3600		261.62		  16431729		-999.00
5821	1496977241	3600		261.62		  16431729		-999.00
5822	1496980841	3600		261.62		  16431729		-999.00
5823	1496984441	3600		261.62		  16431729		-999.00
5824	1496988041	3600		261.62		  16431729		-999.00
5825	1496991641	3600		266.42		  16431729		-999.00
5826	1496995241	3600		267.28		  16431729		-999.00
5827	1496998841	3600		267.45		  16431729		-999.00
5828	1497002441	3600		267.45		  16431729		-999.00
5829	1497006041	3600		267.45		  16431729		-999.00
5830	1497009641	3600		267.78		  16431729		-999.00
5831	1497013241	3600		267.95		  16431729		-999.00
5832	1497016841	3600		262.00		  16431729		-999.00
5833	1497020441	3600		261.83		  16431729		-999.00
5834	1497024041	3600		261.83		  16431729		-999.00
5835	1497027641	3600		261.83		  16431729		-999.00
5836	1497031241	3600		261.83		  16431729		-999.00
5837	1497034841	3600		261.83		  16431729		-999.00
5838	1497038441	3600		261.83		  16431729		-999.00
5839	1497042041	3600		261.83		  16431729		-999.00
5840	1497045641	3600		261.83		  16431729		-999.00
5841	1497049241	3600		261.83		  16431729		-999.00
5842	1497052841	3600		261.83		  16431729		-999.00
5843	1497056441	3600		261.83		  16431729		-999.00
5844	1497060041	3600		261.83		  16431729		-999.00
5845	1497063641	3600		261.83		  16431729		-999.00
5846	1497067241	3600		261.83		  16431729		-999.00
5847	1497070841	3600		261.83		  16431729		-999.00
5848	1497074441	3600		261.83		  16431729		-999.00
5849	1497078041	3600		261.83		  16431729		-999.00
5850	1497081641	3600		261.83		  16431729		-999.00
5851	1497085241	3600		261.83		  16431729		-999.00
5852	1497088841	3600		261.83		  16431729		-999.00
5853	1497092441	3600		261.83		  16431729		-999.00
5854	1497096041	3600		261.83		  16431729		-999.00
5855	1497099641	3600		261.83		  16431729		-999.00
5856	1497103241	3600		261.83		  16431729		-999.00
5857	1497106841	3600		261.83		  16431729		-999.00
5858	1497110441	3600		261.83		  16431729		-999.00
5859	1497114041	3600		261.83		  16431729		-999.00
5860	1497117641	3600		261.83		  16431729		-999.00
5861	1497121241	3600		261.83		  16431729		-999.00
5862	1497124841	3600		261.83		  16431729		-999.00
5863	1497128441	3600		261.83		  16431729		-999.00
5864	1497132041	3600		261.83		  16431729		-999.00
5865	1497135641	3600		261.83		  16431729		-999.00
5866	1497139241	3600		261.83		  16431729		-999.00
5867	1497142841	3600		261.83		  16431729		-999.00
5868	1497146441	3600		261.83		  16431729		-999.00
5869	1497150041	3600		261.83		  16431729		-999.00
5870	1497153641	3600		261.83		  16431729		-999.00
5871	1497157241	3600		261.83		  16431729		-999.00
5872	1497160841	3600		261.83		  16431729		-999.00
5873	1497164441	3600		261.83		  16431729		-999.00
5874	1497168041	3600		261.66		  16431729		-999.00
5875	1497171641	3600		261.66		  16431729		-999.00
5876	1497175241	3600		261.66		  16431729		-999.00
5877	1497178841	3600		261.66		  16431729		-999.00
5878	1497182441	3600		261.66		  16431729		-999.00
5879	1497186041	3600		261.66		  16431729		-999.00
5880	1497189641	3600		261.66		  16431729		-999.00
5881	1497193241	3600		261.66		  16431729		-999.00
5882	1497196841	3600		261.66		  16431729		-999.00
5883	1497200441	3600		261.66		  16431729		-999.00
5884	1497204041	3600		261.66		  16431729		-999.00
5885	1497207641	3600		261.66		  16431729		-999.00
5886	1497211241	3600		261.66		  16431729		-999.00
5887	1497214841	3600		261.66		  16431729		-999.00
5888	1497218441	3600		261.66		  16431729		-999.00
5889	1497222041	3600		261.66		  16431729		-999.00
5890	1497225641	3600		261.66		  16431729		-999.00
5891	1497229241	3600		261.66		  16431729		-999.00
5892	1497232841	3600		261.66		  16431729		-999.00
5893	1497236441	3600		261.66		  16431729		-999.00
5894	1497240041	3600		261.66		  16431729		-999.00
5895	1497243641	3600		261.66		  16431729		-999.00
5896	1497247241	3600		267.74		  16431729		-999.00
5897	1497250841	3600		268.42		  16431729		-999.00
5898	1496724041	-526800		267.72		  16431729		-999.00
5822	1497254345	1200		267.56		    169632		 14.50
5822	1497257945	3600		267.56		    177562		  8.00
5822	1497261545	3600		267.56		    176148		  8.00
5822	1497261701	156		267.56		    227197		  8.00
5823	1497262901	1200		263.55		    227197		-999.00
5824	1497266501	3600		267.27		    227197		-999.00
5825	1497270101	3600		267.62		    227197		-999.00
5826	1497273701	3600		267.28		    227197		-999.00
5827	1497277301	3600		267.62		    227197		-999.00
5828	1497261701	-15600		267.55		    227197		-999.00
5824	1497281954	1200		268.56		  31197429		 17.00
5824	1497285554	3600		268.50		  29063725		 17.00
5824	1497289154	3600		268.47		  28167549		  9.50
5824	1497292754	3600		268.42		  26473344		  8.50
5824	1497293422	668		268.16		  17959856		  8.50
5825	1497294622	1200		267.45		  17959856		-999.00
5826	1497298222	3600		267.45		  17959856		-999.00
5827	1497301822	3600		267.62		  17959856		-999.00
5828	1497293422	-8400		267.62		  17959856		-999.00
5825	1497304989	1200		269.05		  47536916		 16.50
5825	1497305984	995		269.15		  51034170		 21.50
5826	1497307184	1200		267.62		  51034170		-999.00
5827	1497310784	3600		267.29		  51034170		-999.00
5828	1497314384	3600		267.29		  51034170		-999.00
5829	1497317984	3600		267.29		  51034170		-999.00
5830	1497321584	3600		267.29		  51034170		-999.00
5831	1497325184	3600		267.29		  51034170		-999.00
5832	1497328784	3600		267.62		  51034170		-999.00
5833	1497332384	3600		267.62		  51034170		-999.00
5834	1497335984	3600		267.62		  51034170		-999.00
5835	1497339584	3600		267.62		  51034170		-999.00
5836	1497343184	3600		267.62		  51034170		-999.00
5837	1497346784	3600		267.62		  51034170		-999.00
5838	1497350384	3600		267.62		  51034170		-999.00
5839	1497353984	3600		267.62		  51034170		-999.00
5840	1497357584	3600		267.62		  51034170		-999.00
5841	1497361184	3600		267.62		  51034170		-999.00
5842	1497364784	3600		267.62		  51034170		-999.00
5843	1497368384	3600		267.62		  51034170		-999.00
5844	1497371984	3600		267.62		  51034170		-999.00
5845	1497375584	3600		267.62		  51034170		-999.00
5846	1497379184	3600		267.62		  51034170		-999.00
5847	1497382784	3600		267.62		  51034170		-999.00
5848	1497386384	3600		267.62		  51034170		-999.00
5849	1497389984	3600		267.62		  51034170		-999.00
5850	1497393584	3600		267.29		  51034170		-999.00
5851	1497397184	3600		267.45		  51034170		-999.00
5852	1497400784	3600		267.62		  51034170		-999.00
5853	1497404384	3600		267.62		  51034170		-999.00
5854	1497407984	3600		267.29		  51034170		-999.00
5855	1497411584	3600		267.29		  51034170		-999.00
5856	1497305984	-105600		267.62		  51034170		-999.00
5830	1497415818	1200		268.95		  44179877		 21.50
5830	1497419418	3600		268.98		  45336394		 21.50
5830	1497423018	3600		268.85		  41000312		 21.50
5830	1497426618	3600		268.71		  36593701		 20.50
5830	1497430218	3600		268.74		  37659207		 20.50
5830	1497433818	3600		268.59		  32582824		 21.00
5830	1497437418	3600		268.63		  33816947		 21.00
5830	1497441018	3600		268.50		  29554326		 21.50
5830	1497443221	2203		268.56		  31592452		 21.50
