Fill	Timestamp [s]	Duration [s]	Temperature [K]	Fluence [n_eq/cm2/s]	Leakage_current [mA/cm2]
8997	1687942253	1200		261.63		    109520		754.50
8997	1687945853	3600		261.63		    160806		748.50
8997	1687949453	3600		261.63		    159900		748.50
8997	1687953053	3600		261.63		    156751		744.50
8997	1687956653	3600		261.63		    158124		752.00
8997	1687960253	3600		261.63		    156152		749.00
8997	1687963853	3600		261.35		    120675		708.50
8997	1687965573	1720		261.59		    113602		744.00
-999	1687966773	1200		258.19		         0		-999.00
-999	1687970373	3600		258.47		         0		-999.00
-999	1687973973	3600		258.43		         0		-999.00
-999	1687965573	-8400		258.69		         0		-999.00
8999	1687977456	1200		261.63		     98425		748.00
8999	1687981056	3600		261.57		     89999		745.50
8999	1687984656	3600		261.48		     72707		738.00
8999	1687988256	3600		261.42		     84012		729.50
8999	1687991856	3600		261.70		     68702		751.00
8999	1687995456	3600		261.36		     73343		721.50
8999	1687999056	3600		261.59		    159456		748.00
8999	1688002656	3600		261.59		    160285		745.00
8999	1688006256	3600		261.59		    160280		742.50
8999	1688009856	3600		261.25		    142072		721.00
8999	1688013456	3600		261.70		     68912		760.00
8999	1688017056	3600		261.41		     61273		731.00
8999	1688020656	3600		261.41		     74734		731.50
8999	1688024256	3600		261.65		     62509		750.50
8999	1688027856	3600		261.70		     89797		752.50
8999	1688031456	3600		261.41		    100943		734.00
8999	1688035056	3600		261.53		    159168		742.00
8999	1688038656	3600		261.59		    161058		742.00
8999	1688042256	3600		261.59		    160211		747.00
8999	1688045856	3600		261.59		    161855		745.00
8999	1688049456	3600		261.59		    160179		744.00
8999	1688053056	3600		261.59		    121462		746.50
8999	1688056656	3600		261.59		    125760		749.00
8999	1688060256	3600		261.71		     86928		756.00
8999	1688062778	2522		261.41		    144619		732.00
-999	1688063978	1200		258.17		         0		-999.00
-999	1688067578	3600		258.40		         0		-999.00
-999	1688071178	3600		258.39		         0		-999.00
-999	1688074778	3600		258.39		         0		-999.00
-999	1688078378	3600		258.39		         0		-999.00
-999	1688081978	3600		258.35		         0		-999.00
-999	1688085578	3600		258.42		         0		-999.00
-999	1688089178	3600		258.36		         0		-999.00
-999	1688092778	3600		258.41		         0		-999.00
-999	1688096378	3600		258.35		         0		-999.00
-999	1688099978	3600		258.46		         0		-999.00
-999	1688103578	3600		258.40		         0		-999.00
-999	1688107178	3600		258.41		         0		-999.00
-999	1688110778	3600		258.41		         0		-999.00
-999	1688114378	3600		258.35		         0		-999.00
-999	1688062778	-51600		258.51		         0		-999.00
9007	1688117751	1200		261.92		  10457668		752.00
9007	1688121351	3600		261.91		  10032891		755.50
9007	1688124951	3600		261.92		   9700851		751.00
9007	1688128551	3600		261.90		   9312068		752.50
9007	1688132151	3600		262.18		  17403916		763.00
9007	1688135751	3600		262.30		  21474401		769.50
9007	1688139351	3600		261.98		  15897893		735.00
9007	1688142951	3600		261.83		  11020481		741.00
9007	1688146551	3600		262.24		  18261416		769.00
9007	1688148718	2167		262.25		  18549150		764.00
-999	1688149918	1200		258.38		         0		-999.00
-999	1688153518	3600		258.46		         0		-999.00
-999	1688157118	3600		258.40		         0		-999.00
-999	1688160718	3600		258.40		         0		-999.00
-999	1688164318	3600		258.40		         0		-999.00
-999	1688167918	3600		258.41		         0		-999.00
-999	1688171518	3600		258.43		         0		-999.00
-999	1688175118	3600		258.34		         0		-999.00
-999	1688178718	3600		258.39		         0		-999.00
-999	1688182318	3600		258.39		         0		-999.00
-999	1688185918	3600		258.39		         0		-999.00
-999	1688148718	-37200		258.44		         0		-999.00
-999	1688189660	1200		261.48		         0		-999.00
-999	1688193260	3600		261.28		         0		-999.00
-999	1688196860	3600		261.35		         0		-999.00
-999	1688200460	3600		261.40		         0		-999.00
-999	1688204060	3600		261.37		         0		-999.00
-999	1688188460	-15600		261.36		         0		-999.00
9016	1688208367	1200		261.62		   3072303		743.00
9016	1688211967	3600		261.82		   6043389		755.00
9016	1688215284	3317		261.90		   8764826		753.00
-999	1688216484	1200		258.33		         0		-999.00
-999	1688220084	3600		258.28		         0		-999.00
-999	1688215284	-4800		258.43		         0		-999.00
9017	1688223882	1200		262.48		  24979134		779.00
9017	1688227482	3600		263.27		  47485276		798.00
9017	1688231082	3600		263.54		  55371599		804.50
9017	1688234682	3600		263.54		  55522666		805.00
9017	1688238282	3600		263.52		  54910173		807.00
9017	1688241812	3530		263.50		  54137747		801.00
-999	1688243012	1200		258.21		         0		-999.00
-999	1688246612	3600		258.35		         0		-999.00
-999	1688250212	3600		258.41		         0		-999.00
-999	1688253812	3600		258.43		         0		-999.00
-999	1688257412	3600		258.44		         0		-999.00
-999	1688241812	-15600		258.45		         0		-999.00
9019	1688262192	1200		264.26		  80255567		822.50
9019	1688265792	3600		264.35		  97916812		736.50
9019	1688269392	3600		261.65		   2084045		753.50
9019	1688272992	3600		261.65		   2065192		749.50
9019	1688276592	3600		261.65		   2058908		752.50
9019	1688280192	3600		265.35		 104450875		877.50
9019	1688283792	3600		265.87		 123986045		876.50
9019	1688285431	1639		265.86		 123545631		880.50
-999	1688286631	1200		261.72		         0		-999.00
-999	1688290231	3600		258.38		         0		-999.00
-999	1688293831	3600		261.50		         0		-999.00
-999	1688297431	3600		261.50		         0		-999.00
-999	1688301031	3600		258.45		         0		-999.00
-999	1688304631	3600		258.39		         0		-999.00
-999	1688285431	-19200		258.41		         0		-999.00
9022	1688308853	1200		263.99		  67664237		840.50
9022	1688312453	3600		266.57		 139973920		930.50
9022	1688316053	3600		267.54		 174149204		928.50
9022	1688319653	3600		267.56		 174651796		934.50
9022	1688323253	3600		267.16		 162797538		923.50
9022	1688326095	2842		266.77		 149996569		916.50
-999	1688327295	1200		258.32		         0		-999.00
-999	1688330895	3600		258.33		         0		-999.00
-999	1688334495	3600		258.35		         0		-999.00
-999	1688326095	-8400		258.37		         0		-999.00
9023	1688336338	1200		265.26		 103625822		892.00
9023	1688339938	3600		268.68		 199085776		1029.00
9023	1688343538	3600		271.18		 279962633		1054.00
9023	1688347138	3600		268.28		 202917959		927.50
9023	1688347681	543		266.17		 143549300		847.50
-999	1688348881	1200		261.52		         0		-999.00
-999	1688352481	3600		261.63		         0		-999.00
-999	1688356081	3600		261.57		         0		-999.00
-999	1688359681	3600		261.39		         0		-999.00
-999	1688363281	3600		261.34		         0		-999.00
-999	1688366881	3600		261.51		         0		-999.00
-999	1688370481	3600		261.54		         0		-999.00
-999	1688374081	3600		260.87		         0		-999.00
-999	1688377681	3600		261.21		         0		-999.00
-999	1688381281	3600		258.19		         0		-999.00
-999	1688384881	3600		258.38		         0		-999.00
-999	1688388481	3600		258.35		         0		-999.00
-999	1688392081	3600		258.35		         0		-999.00
-999	1688395681	3600		258.35		         0		-999.00
-999	1688399281	3600		258.35		         0		-999.00
-999	1688402881	3600		258.40		         0		-999.00
-999	1688406481	3600		258.40		         0		-999.00
-999	1688410081	3600		258.40		         0		-999.00
-999	1688413681	3600		258.40		         0		-999.00
-999	1688417281	3600		258.42		         0		-999.00
-999	1688347681	-69600		258.45		         0		-999.00
9029	1688420996	1200		266.48		 172580950		750.00
9029	1688424596	3600		267.35		 165860541		936.50
9029	1688428196	3600		270.40		 246508044		1121.00
9029	1688431796	3600		271.26		 328981469		788.50
9029	1688435396	3600		271.70		 313513419		968.50
9029	1688438996	3600		266.55		 124503247		1094.00
9029	1688442596	3600		269.98		 238906032		1083.00
9029	1688446196	3600		270.72		 267180558		1064.00
9029	1688449796	3600		269.98		 246485768		1043.00
9029	1688453396	3600		269.28		 223110592		1026.00
9029	1688456996	3600		268.68		 207235172		1002.00
9029	1688460596	3600		268.18		 190515517		994.00
9029	1688464196	3600		267.72		 177254504		989.50
9029	1688467666	3470		267.28		 164437409		974.00
-999	1688468866	1200		258.35		         0		-999.00
-999	1688472466	3600		258.35		         0		-999.00
-999	1688476066	3600		258.38		         0		-999.00
-999	1688479666	3600		258.27		         0		-999.00
-999	1688467666	-12000		258.23		         0		-999.00
9031	1688483785	1200		267.01		 157104062		975.50
9031	1688487385	3600		270.63		 255266148		1125.00
9031	1688490985	3600		273.07		 334585407		1146.00
9031	1688494585	3600		273.10		 335547251		1162.00
9031	1688498185	3600		271.18		 325089472		822.50
9031	1688501785	3600		271.64		 298093841		1099.00
9031	1688505385	3600		270.78		 269443266		1087.00
9031	1688508985	3600		270.00		 245587514		1065.00
9031	1688512585	3600		269.36		 227813974		1046.00
9031	1688516185	3600		268.78		 208375824		1039.00
9031	1688519785	3600		268.30		 194612640		1024.00
9031	1688523385	3600		267.83		 180368633		1007.00
9031	1688526985	3600		267.35		 166517367		997.50
9031	1688530516	3531		266.59		 149955666		968.50
-999	1688531716	1200		261.61		         0		-999.00
-999	1688535316	3600		257.73		         0		-999.00
-999	1688538916	3600		258.42		         0		-999.00
-999	1688542516	3600		258.42		         0		-999.00
-999	1688546116	3600		258.42		         0		-999.00
-999	1688530516	-15600		258.10		         0		-999.00
9035	1688549026	1200		266.87		 146746344		1000.50
9035	1688552626	3600		271.70		 290654960		1168.00
9035	1688556226	3600		272.90		 330501255		1172.00
9035	1688559826	3600		272.83		 328131146		1184.00
9035	1688563426	3600		272.60		 320461319		1161.00
9035	1688567026	3600		271.89		 300895894		1137.00
9035	1688570626	3600		270.98		 275012606		1115.00
9035	1688574226	3600		270.27		 252566181		1099.00
9035	1688577826	3600		269.47		 231962050		1082.00
9035	1688581426	3600		268.82		 214581815		1050.00
9035	1688585026	3600		265.80		 111239808		1047.00
9035	1688588626	3600		268.13		 188671622		1035.00
9035	1688591244	2618		267.64		 174545208		1033.00
-999	1688592444	1200		258.39		         0		-999.00
-999	1688596044	3600		258.19		         0		-999.00
-999	1688591244	-4800		258.21		         0		-999.00
9036	1688600261	1200		267.59		 165869626		1039.00
9036	1688603861	3600		271.30		 273651631		1196.00
9036	1688607461	3600		273.26		 342740263		1203.00
9036	1688611061	3600		273.32		 342763369		1201.00
9036	1688614661	3600		273.46		 346707727		1207.00
9036	1688618261	3600		273.39		 345116465		1212.00
9036	1688621861	3600		272.69		 323831143		1192.00
9036	1688625461	3600		271.89		 299204989		1162.00
9036	1688629061	3600		270.97		 272188655		1139.00
9036	1688632661	3600		270.35		 251379598		1128.00
9036	1688636261	3600		269.59		 230162965		1104.00
9036	1688639861	3600		267.91		 214582950		850.50
9036	1688643461	3600		268.56		 201416737		1072.00
9036	1688645615	2154		258.23		 186633004		 10.50
-999	1688646815	1200		258.47		         0		-999.00
-999	1688650415	3600		258.63		         0		-999.00
-999	1688654015	3600		258.34		         0		-999.00
-999	1688657615	3600		258.35		         0		-999.00
-999	1688661215	3600		258.40		         0		-999.00
-999	1688664815	3600		258.37		         0		-999.00
-999	1688668415	3600		258.37		         0		-999.00
-999	1688672015	3600		261.57		         0		-999.00
-999	1688675615	3600		261.71		         0		-999.00
-999	1688679215	3600		261.71		         0		-999.00
-999	1688682815	3600		261.71		         0		-999.00
-999	1688686415	3600		261.71		         0		-999.00
-999	1688690015	3600		258.61		         0		-999.00
-999	1688693615	3600		258.16		         0		-999.00
-999	1688697215	3600		258.40		         0		-999.00
-999	1688700815	3600		258.38		         0		-999.00
-999	1688704415	3600		258.42		         0		-999.00
-999	1688708015	3600		261.67		         0		-999.00
-999	1688711615	3600		258.44		         0		-999.00
-999	1688715215	3600		258.28		         0		-999.00
-999	1688718815	3600		258.47		         0		-999.00
-999	1688645615	-73200		258.23		         0		-999.00
9043	1688722142	1200		268.00		 174894588		1058.00
9043	1688725742	3600		272.66		 314173843		1202.00
9043	1688729342	3600		273.53		 345178974		1190.00
9043	1688732942	3600		273.50		 342343590		1219.00
9043	1688736542	3600		273.45		 343064166		1208.00
9043	1688740142	3600		273.30		 337941472		1206.00
9043	1688743742	3600		272.70		 320047601		1190.00
9043	1688747342	3600		271.87		 294638590		1169.00
9043	1688750942	3600		271.00		 267743700		1145.00
9043	1688754542	3600		270.32		 248864871		1126.00
9043	1688758142	3600		269.66		 229753004		1100.00
9043	1688761742	3600		269.06		 211497853		1090.00
9043	1688765342	3600		268.61		 196470307		1078.00
9043	1688768942	3600		268.19		 184218845		1059.00
9043	1688772542	3600		267.73		 170852092		1056.00
9043	1688773857	1315		267.58		 165862609		1047.00
-999	1688775057	1200		258.19		         0		-999.00
-999	1688778657	3600		258.55		         0		-999.00
-999	1688773857	-4800		258.19		         0		-999.00
9044	1688783203	1200		267.25		 156190480		1065.00
9044	1688786803	3600		271.83		 291544463		1237.00
9044	1688790403	3600		273.36		 344625485		1236.00
9044	1688794003	3600		273.29		 342056959		1238.00
9044	1688797603	3600		273.11		 343969844		1223.00
9044	1688801203	3600		273.29		 344037077		1240.00
9044	1688804803	3600		272.37		 315353483		1220.00
9044	1688808403	3600		271.42		 291580956		1179.00
9044	1688812003	3600		270.83		 268372020		1177.00
9044	1688815603	3600		270.08		 247856909		1145.00
9044	1688819203	3600		269.42		 227759264		1126.00
9044	1688822803	3600		268.96		 212482308		1112.00
9044	1688826403	3600		268.36		 196430638		1103.00
9044	1688830003	3600		267.92		 183858559		1082.00
9044	1688830916	913		267.92		 181768306		1094.00
-999	1688832116	1200		258.16		         0		-999.00
-999	1688835716	3600		258.43		         0		-999.00
-999	1688830916	-4800		258.39		         0		-999.00
9045	1688839227	1200		266.27		 167113419		840.50
9045	1688842827	3600		272.46		 314530192		1261.00
9045	1688846427	3600		273.24		 342372938		1250.00
9045	1688850027	3600		273.36		 344471356		1276.00
9045	1688853627	3600		273.30		 342611208		1263.00
9045	1688857227	3600		272.67		 325429729		1236.00
9045	1688860827	3600		271.63		 295071143		1209.00
9045	1688864427	3600		270.87		 271691752		1192.00
9045	1688868027	3600		270.11		 247906391		1162.00
9045	1688871627	3600		269.46		 228345859		1159.00
9045	1688875227	3600		268.86		 212206671		1134.00
9045	1688878827	3600		268.34		 195072249		1110.00
9045	1688882427	3600		267.85		 182438649		1097.00
9045	1688886027	3600		267.45		 168872944		1081.00
9045	1688886517	490		267.19		 160442636		1077.00
-999	1688887717	1200		258.39		         0		-999.00
-999	1688891317	3600		258.37		         0		-999.00
-999	1688886517	-4800		258.22		         0		-999.00
9046	1688894190	1200		267.78		 165610805		1112.00
9046	1688897790	3600		272.67		 315201821		1278.00
9046	1688901390	3600		273.55		 342470865		1276.00
9046	1688904990	3600		273.56		 342775736		1274.00
9046	1688908590	3600		273.58		 343391135		1297.00
9046	1688910657	2067		273.29		 335750961		1275.00
-999	1688911857	1200		261.49		         0		-999.00
-999	1688915457	3600		258.54		         0		-999.00
-999	1688919057	3600		258.43		         0		-999.00
-999	1688910657	-8400		260.04		         0		-999.00
9049	1688923677	1200		267.68		 170517291		1126.00
9049	1688927277	3600		272.40		 312189093		1277.00
9049	1688930877	3600		273.47		 344734296		1300.00
9049	1688934477	3600		271.75		 343657178		908.00
9049	1688938077	3600		273.25		 340408034		1266.00
9049	1688941677	3600		272.60		 323286652		1229.00
9049	1688945277	3600		271.60		 293349626		1208.00
9049	1688948877	3600		270.82		 269916473		1189.00
9049	1688952477	3600		270.06		 246449444		1171.00
9049	1688953274	797		269.61		 231432704		1168.00
-999	1688954474	1200		261.41		         0		-999.00
-999	1688958074	3600		261.56		         0		-999.00
-999	1688961674	3600		258.32		         0		-999.00
-999	1688965274	3600		261.53		         0		-999.00
-999	1688968874	3600		261.65		         0		-999.00
-999	1688972474	3600		261.64		         0		-999.00
-999	1688976074	3600		258.23		         0		-999.00
-999	1688979674	3600		258.38		         0		-999.00
-999	1688983274	3600		258.38		         0		-999.00
-999	1688953274	-30000		259.67		         0		-999.00
9050	1688986128	1200		267.22		 157754801		1104.00
9050	1688989728	3600		272.09		 301768082		1268.00
9050	1688993328	3600		272.96		 332984428		1278.00
9050	1688996928	3600		272.87		 331568143		1274.00
9050	1689000528	3600		272.90		 332369770		1286.00
9050	1689004128	3600		272.44		 319834835		1258.00
9050	1689005261	1133		272.51		 315681232		1268.00
-999	1689006461	1200		261.52		         0		-999.00
-999	1689010061	3600		261.60		         0		-999.00
-999	1689013661	3600		261.60		         0		-999.00
-999	1689017261	3600		261.60		         0		-999.00
-999	1689020861	3600		258.19		         0		-999.00
-999	1689024461	3600		261.57		         0		-999.00
-999	1689028061	3600		258.38		         0		-999.00
-999	1689031661	3600		258.37		         0		-999.00
-999	1689035261	3600		258.37		         0		-999.00
-999	1689005261	-30000		258.48		         0		-999.00
9055	1689039570	1200		267.69		 171393498		1120.00
9055	1689041196	1626		270.16		 269943523		979.50
-999	1689042396	1200		261.50		         0		-999.00
-999	1689045996	3600		261.62		         0		-999.00
-999	1689049596	3600		258.26		         0		-999.00
-999	1689041196	-8400		258.28		         0		-999.00
-999	1689055150	1200		261.63		         0		-999.00
-999	1689058750	3600		258.43		         0		-999.00
-999	1689053950	-4800		258.50		         0		-999.00
9057	1689062264	1200		267.73		 170972758		1137.00
9057	1689065864	3600		272.11		 302518583		1288.00
9057	1689069464	3600		273.26		 342989637		1288.00
9057	1689073064	3600		273.30		 343218693		1308.00
9057	1689076664	3600		273.28		 344784232		1292.00
9057	1689080264	3600		272.33		 320120578		1257.00
9057	1689083864	3600		271.46		 291047139		1231.00
9057	1689087464	3600		270.77		 267939339		1213.00
9057	1689091064	3600		269.91		 244284434		1199.00
9057	1689094607	3543		269.43		 228285230		1172.00
-999	1689095807	1200		261.49		         0		-999.00
-999	1689099407	3600		258.41		         0		-999.00
-999	1689103007	3600		261.53		         0		-999.00
-999	1689106607	3600		258.15		         0		-999.00
-999	1689110207	3600		258.38		         0		-999.00
-999	1689094607	-15600		259.58		         0		-999.00
9059	1689113692	1200		267.58		 165654581		1142.00
9059	1689117292	3600		272.44		 313473200		1305.00
9059	1689120072	2780		273.22		 341476977		1310.00
-999	1689121272	1200		261.37		         0		-999.00
-999	1689124872	3600		261.60		         0		-999.00
-999	1689128472	3600		261.60		         0		-999.00
-999	1689132072	3600		258.06		         0		-999.00
-999	1689135672	3600		258.41		         0		-999.00
-999	1689139272	3600		258.38		         0		-999.00
-999	1689142872	3600		258.50		         0		-999.00
-999	1689146472	3600		258.38		         0		-999.00
-999	1689150072	3600		258.38		         0		-999.00
-999	1689153672	3600		258.34		         0		-999.00
-999	1689157272	3600		258.38		         0		-999.00
-999	1689120072	-37200		259.97		         0		-999.00
9062	1689159403	1200		267.84		 178027213		1124.00
9062	1689163003	3600		272.25		 309049217		1286.00
9062	1689166399	3396		273.33		 345058424		1292.00
-999	1689167599	1200		261.61		         0		-999.00
-999	1689171199	3600		258.33		         0		-999.00
-999	1689174799	3600		258.40		         0		-999.00
-999	1689166399	-8400		260.03		         0		-999.00
9063	1689177517	1200		267.63		 167766862		1146.00
9063	1689181117	3600		272.52		 316138184		1305.00
9063	1689184717	3600		273.34		 342645138		1313.00
9063	1689188317	3600		273.36		 345495105		1301.00
9063	1689191917	3600		273.24		 343336402		1310.00
9063	1689195517	3600		273.06		 337281661		1305.00
9063	1689199117	3600		272.10		 309044434		1269.00
9063	1689202717	3600		271.31		 284586319		1251.00
9063	1689206317	3600		270.50		 259609111		1219.00
9063	1689209917	3600		269.85		 240041086		1197.00
9063	1689213517	3600		269.23		 223370864		1190.00
9063	1689217117	3600		268.70		 205784852		1174.00
9063	1689220717	3600		268.23		 192252088		1157.00
9063	1689224317	3600		267.81		 178051673		1140.00
9063	1689227917	3600		267.35		 166572883		1124.00
9063	1689231517	3600		266.98		 154269781		1109.00
9063	1689235117	3600		266.56		 144016681		1100.00
9063	1689238717	3600		266.30		 135615028		1083.00
9063	1689242317	3600		266.03		 126534135		1080.00
9063	1689245917	3600		264.98		 119681699		907.00
9063	1689248165	2248		258.22		 106467976		 10.00
-999	1689249365	1200		261.53		         0		-999.00
-999	1689252965	3600		261.60		         0		-999.00
-999	1689256565	3600		258.54		         0		-999.00
-999	1689260165	3600		258.28		         0		-999.00
-999	1689263765	3600		258.35		         0		-999.00
-999	1689267365	3600		258.41		         0		-999.00
-999	1689270965	3600		258.47		         0		-999.00
-999	1689274565	3600		258.47		         0		-999.00
-999	1689278165	3600		258.39		         0		-999.00
-999	1689281765	3600		258.35		         0		-999.00
-999	1689285365	3600		258.37		         0		-999.00
-999	1689288965	3600		258.37		         0		-999.00
-999	1689292565	3600		258.37		         0		-999.00
-999	1689296165	3600		258.40		         0		-999.00
-999	1689299765	3600		258.47		         0		-999.00
-999	1689303365	3600		258.41		         0		-999.00
-999	1689306965	3600		258.41		         0		-999.00
-999	1689310565	3600		258.44		         0		-999.00
-999	1689248165	-62400		258.34		         0		-999.00
9066	1689314414	1200		264.68		 100369272		906.50
9066	1689317430	3016		270.51		 261637711		1214.00
-999	1689318630	1200		261.57		         0		-999.00
-999	1689322230	3600		261.63		         0		-999.00
-999	1689325830	3600		261.62		         0		-999.00
-999	1689329430	3600		261.38		         0		-999.00
-999	1689333030	3600		261.64		         0		-999.00
-999	1689336630	3600		261.64		         0		-999.00
-999	1689340230	3600		261.58		         0		-999.00
-999	1689343830	3600		261.66		         0		-999.00
-999	1689347430	3600		261.40		         0		-999.00
-999	1689351030	3600		261.56		         0		-999.00
-999	1689354630	3600		261.56		         0		-999.00
-999	1689358230	3600		261.67		         0		-999.00
-999	1689361830	3600		261.67		         0		-999.00
-999	1689365430	3600		261.67		         0		-999.00
-999	1689369030	3600		258.49		         0		-999.00
-999	1689372630	3600		258.44		         0		-999.00
-999	1689317430	-55200		259.66		         0		-999.00
9067	1689377393	1200		267.29		 161104669		1138.00
9067	1689379019	1626		270.79		 261693402		1265.00
-999	1689380219	1200		261.57		         0		-999.00
-999	1689383819	3600		258.34		         0		-999.00
-999	1689387419	3600		258.40		         0		-999.00
-999	1689379019	-8400		259.88		         0		-999.00
9068	1689391990	1200		267.69		 167564903		1185.00
9068	1689395590	3600		272.35		 313481137		1307.00
9068	1689399190	3600		273.26		 340678604		1318.00
9068	1689400617	1427		273.11		 335699292		1315.00
-999	1689401817	1200		258.19		         0		-999.00
-999	1689405417	3600		261.61		         0		-999.00
-999	1689409017	3600		261.72		         0		-999.00
-999	1689412617	3600		261.50		         0		-999.00
-999	1689416217	3600		258.21		         0		-999.00
-999	1689419817	3600		261.44		         0		-999.00
-999	1689423417	3600		258.12		         0		-999.00
-999	1689427017	3600		258.36		         0		-999.00
-999	1689430617	3600		258.33		         0		-999.00
-999	1689434217	3600		258.43		         0		-999.00
-999	1689400617	-33600		258.27		         0		-999.00
9070	1689435609	1200		267.71		 170325644		1165.00
9070	1689439209	3600		272.28		 307280227		1322.00
9070	1689442809	3600		273.36		 343195734		1331.00
9070	1689446409	3600		273.44		 345883700		1335.00
9070	1689450009	3600		273.40		 344803232		1344.00
9070	1689453609	3600		273.30		 342099178		1353.00
9070	1689457209	3600		272.80		 328520684		1304.00
9070	1689460809	3600		271.80		 297325237		1285.00
9070	1689464409	3600		271.00		 274324605		1266.00
9070	1689468009	3600		270.17		 250676364		1222.00
9070	1689471609	3600		269.75		 236347928		1223.00
9070	1689475209	3600		268.98		 213974197		1193.00
9070	1689476144	935		268.65		 203142739		1189.00
-999	1689477344	1200		261.46		         0		-999.00
-999	1689480944	3600		261.38		         0		-999.00
-999	1689484544	3600		261.38		         0		-999.00
-999	1689476144	-8400		262.50		         0		-999.00
9072	1689488319	1200		268.08		 179006445		1211.00
9072	1689491919	3600		272.50		 316682491		1347.00
9072	1689495519	3600		273.29		 343017594		1348.00
9072	1689499119	3600		273.37		 345601421		1369.00
9072	1689502719	3600		273.31		 343579619		1368.00
9072	1689506319	3600		273.25		 341542750		1364.00
9072	1689509919	3600		273.12		 338914557		1351.00
9072	1689513519	3600		272.29		 313198922		1332.00
9072	1689517119	3600		271.36		 287530835		1278.00
9072	1689520719	3600		270.64		 261118668		1285.00
9072	1689524319	3600		268.78		 241566109		956.50
9072	1689527919	3600		269.30		 222421346		1225.00
9072	1689531519	3600		268.65		 204807222		1208.00
9072	1689532104	585		268.32		 193751552		1198.00
-999	1689533304	1200		258.16		         0		-999.00
-999	1689536904	3600		258.41		         0		-999.00
-999	1689540504	3600		258.41		         0		-999.00
-999	1689532104	-8400		258.38		         0		-999.00
-999	1689542420	1200		261.40		         0		-999.00
-999	1689546020	3600		261.58		         0		-999.00
-999	1689549620	3600		261.58		         0		-999.00
-999	1689553220	3600		261.58		         0		-999.00
-999	1689556820	3600		261.64		         0		-999.00
-999	1689560420	3600		261.58		         0		-999.00
-999	1689564020	3600		261.64		         0		-999.00
-999	1689567620	3600		261.61		         0		-999.00
-999	1689571220	3600		261.56		         0		-999.00
-999	1689574820	3600		258.16		         0		-999.00
-999	1689578420	3600		258.38		         0		-999.00
-999	1689582020	3600		261.56		         0		-999.00
-999	1689585620	3600		261.38		         0		-999.00
-999	1689589220	3600		261.61		         0		-999.00
-999	1689592820	3600		261.61		         0		-999.00
-999	1689596420	3600		261.65		         0		-999.00
-999	1689600020	3600		261.43		         0		-999.00
-999	1689603620	3600		261.61		         0		-999.00
-999	1689607220	3600		261.44		         0		-999.00
-999	1689610820	3600		261.58		         0		-999.00
-999	1689614420	3600		261.52		         0		-999.00
-999	1689618020	3600		261.58		         0		-999.00
-999	1689621620	3600		261.57		         0		-999.00
-999	1689625220	3600		261.59		         0		-999.00
-999	1689628820	3600		261.59		         0		-999.00
-999	1689632420	3600		261.59		         0		-999.00
-999	1689636020	3600		261.59		         0		-999.00
-999	1689639620	3600		261.59		         0		-999.00
-999	1689643220	3600		261.55		         0		-999.00
-999	1689646820	3600		261.55		         0		-999.00
-999	1689650420	3600		261.55		         0		-999.00
-999	1689654020	3600		261.55		         0		-999.00
-999	1689657620	3600		261.67		         0		-999.00
-999	1689661220	3600		261.65		         0		-999.00
-999	1689664820	3600		258.35		         0		-999.00
-999	1689668420	3600		258.30		         0		-999.00
-999	1689672020	3600		258.50		         0		-999.00
-999	1689675620	3600		261.27		         0		-999.00
-999	1689679220	3600		261.59		         0		-999.00
-999	1689682820	3600		261.61		         0		-999.00
-999	1689686420	3600		261.61		         0		-999.00
-999	1689690020	3600		261.61		         0		-999.00
-999	1689693620	3600		261.61		         0		-999.00
-999	1689697220	3600		261.61		         0		-999.00
-999	1689700820	3600		261.59		         0		-999.00
-999	1689704420	3600		261.59		         0		-999.00
-999	1689708020	3600		261.59		         0		-999.00
-999	1689711620	3600		261.59		         0		-999.00
-999	1689715220	3600		261.59		         0		-999.00
-999	1689718820	3600		261.59		         0		-999.00
-999	1689722420	3600		261.61		         0		-999.00
-999	1689726020	3600		261.61		         0		-999.00
-999	1689729620	3600		261.61		         0		-999.00
-999	1689733220	3600		261.61		         0		-999.00
-999	1689736820	3600		261.61		         0		-999.00
-999	1689740420	3600		261.61		         0		-999.00
-999	1689744020	3600		261.57		         0		-999.00
-999	1689747620	3600		261.67		         0		-999.00
-999	1689751220	3600		261.55		         0		-999.00
-999	1689754820	3600		261.63		         0		-999.00
-999	1689758420	3600		261.69		         0		-999.00
-999	1689762020	3600		261.56		         0		-999.00
-999	1689765620	3600		261.62		         0		-999.00
-999	1689769220	3600		261.38		         0		-999.00
-999	1689772820	3600		261.74		         0		-999.00
-999	1689776420	3600		261.50		         0		-999.00
-999	1689780020	3600		261.66		         0		-999.00
-999	1689783620	3600		261.66		         0		-999.00
-999	1689787220	3600		261.66		         0		-999.00
-999	1689790820	3600		261.66		         0		-999.00
-999	1689794420	3600		261.60		         0		-999.00
-999	1689798020	3600		261.60		         0		-999.00
-999	1689801620	3600		261.60		         0		-999.00
-999	1689805220	3600		261.60		         0		-999.00
-999	1689808820	3600		261.60		         0		-999.00
-999	1689812420	3600		261.69		         0		-999.00
-999	1689816020	3600		261.57		         0		-999.00
-999	1689819620	3600		261.58		         0		-999.00
-999	1689823220	3600		261.58		         0		-999.00
-999	1689826820	3600		261.35		         0		-999.00
-999	1689830420	3600		261.57		         0		-999.00
-999	1689834020	3600		261.52		         0		-999.00
-999	1689837620	3600		261.47		         0		-999.00
-999	1689841220	3600		261.47		         0		-999.00
-999	1689844820	3600		261.47		         0		-999.00
-999	1689848420	3600		261.64		         0		-999.00
-999	1689852020	3600		261.29		         0		-999.00
-999	1689855620	3600		261.57		         0		-999.00
-999	1689859220	3600		261.63		         0		-999.00
-999	1689862820	3600		261.69		         0		-999.00
-999	1689866420	3600		261.57		         0		-999.00
-999	1689870020	3600		261.56		         0		-999.00
-999	1689873620	3600		261.57		         0		-999.00
-999	1689877220	3600		261.61		         0		-999.00
-999	1689880820	3600		261.59		         0		-999.00
-999	1689884420	3600		261.59		         0		-999.00
-999	1689888020	3600		261.59		         0		-999.00
-999	1689891620	3600		261.65		         0		-999.00
-999	1689895220	3600		261.59		         0		-999.00
-999	1689898820	3600		261.65		         0		-999.00
-999	1689902420	3600		261.65		         0		-999.00
-999	1689906020	3600		261.65		         0		-999.00
-999	1689909620	3600		261.67		         0		-999.00
-999	1689913220	3600		261.50		         0		-999.00
-999	1689916820	3600		261.61		         0		-999.00
-999	1689920420	3600		261.27		         0		-999.00
-999	1689924020	3600		261.75		         0		-999.00
-999	1689927620	3600		261.64		         0		-999.00
-999	1689931220	3600		261.64		         0		-999.00
-999	1689934820	3600		261.64		         0		-999.00
-999	1689938420	3600		261.54		         0		-999.00
-999	1689942020	3600		261.30		         0		-999.00
-999	1689945620	3600		261.25		         0		-999.00
-999	1689949220	3600		261.52		         0		-999.00
-999	1689952820	3600		261.64		         0		-999.00
-999	1689956420	3600		261.64		         0		-999.00
-999	1689960020	3600		261.62		         0		-999.00
-999	1689963620	3600		261.63		         0		-999.00
-999	1689967220	3600		261.63		         0		-999.00
-999	1689970820	3600		261.63		         0		-999.00
-999	1689974420	3600		261.63		         0		-999.00
-999	1689978020	3600		261.63		         0		-999.00
-999	1689981620	3600		261.63		         0		-999.00
-999	1689985220	3600		261.63		         0		-999.00
-999	1689988820	3600		261.63		         0		-999.00
-999	1689992420	3600		261.63		         0		-999.00
-999	1689996020	3600		261.63		         0		-999.00
-999	1689999620	3600		261.63		         0		-999.00
-999	1690003220	3600		261.59		         0		-999.00
-999	1690006820	3600		261.54		         0		-999.00
-999	1690010420	3600		261.65		         0		-999.00
-999	1690014020	3600		261.65		         0		-999.00
-999	1690017620	3600		261.65		         0		-999.00
-999	1690021220	3600		261.65		         0		-999.00
-999	1690024820	3600		261.65		         0		-999.00
-999	1690028420	3600		261.65		         0		-999.00
-999	1690032020	3600		261.64		         0		-999.00
-999	1690035620	3600		261.65		         0		-999.00
-999	1690039220	3600		261.48		         0		-999.00
-999	1690042820	3600		261.65		         0		-999.00
-999	1690046420	3600		261.65		         0		-999.00
-999	1690050020	3600		261.65		         0		-999.00
-999	1690053620	3600		261.65		         0		-999.00
-999	1690057220	3600		261.65		         0		-999.00
-999	1690060820	3600		261.65		         0		-999.00
-999	1690064420	3600		261.65		         0		-999.00
-999	1690068020	3600		261.65		         0		-999.00
-999	1690071620	3600		261.65		         0		-999.00
-999	1690075220	3600		261.65		         0		-999.00
-999	1690078820	3600		261.70		         0		-999.00
-999	1690082420	3600		261.64		         0		-999.00
-999	1690086020	3600		261.72		         0		-999.00
-999	1690089620	3600		261.65		         0		-999.00
-999	1690093220	3600		261.58		         0		-999.00
-999	1690096820	3600		261.52		         0		-999.00
-999	1690100420	3600		261.52		         0		-999.00
-999	1690104020	3600		261.64		         0		-999.00
-999	1690107620	3600		261.64		         0		-999.00
-999	1690111220	3600		261.64		         0		-999.00
-999	1690114820	3600		261.64		         0		-999.00
-999	1690118420	3600		261.64		         0		-999.00
-999	1690122020	3600		261.64		         0		-999.00
-999	1690125620	3600		261.64		         0		-999.00
-999	1690129220	3600		261.69		         0		-999.00
-999	1690132820	3600		261.64		         0		-999.00
-999	1690136420	3600		261.64		         0		-999.00
-999	1690140020	3600		261.64		         0		-999.00
-999	1690143620	3600		261.64		         0		-999.00
-999	1690147220	3600		261.58		         0		-999.00
-999	1690150820	3600		261.59		         0		-999.00
-999	1690154420	3600		261.64		         0		-999.00
-999	1690158020	3600		261.64		         0		-999.00
-999	1690161620	3600		261.64		         0		-999.00
-999	1690165220	3600		261.58		         0		-999.00
-999	1690168820	3600		261.59		         0		-999.00
-999	1690172420	3600		261.59		         0		-999.00
-999	1690176020	3600		261.59		         0		-999.00
-999	1690179620	3600		261.33		         0		-999.00
-999	1690183220	3600		261.50		         0		-999.00
-999	1690186820	3600		261.50		         0		-999.00
-999	1690190420	3600		261.65		         0		-999.00
-999	1690194020	3600		261.53		         0		-999.00
-999	1690197620	3600		261.65		         0		-999.00
-999	1690201220	3600		261.49		         0		-999.00
-999	1690204820	3600		261.49		         0		-999.00
-999	1690208420	3600		261.39		         0		-999.00
-999	1690212020	3600		261.66		         0		-999.00
-999	1690215620	3600		261.59		         0		-999.00
-999	1690219220	3600		261.59		         0		-999.00
-999	1690222820	3600		261.59		         0		-999.00
-999	1690226420	3600		261.59		         0		-999.00
-999	1690230020	3600		261.59		         0		-999.00
-999	1690233620	3600		261.61		         0		-999.00
-999	1690237220	3600		261.61		         0		-999.00
-999	1690240820	3600		261.61		         0		-999.00
-999	1690244420	3600		261.61		         0		-999.00
-999	1690248020	3600		261.61		         0		-999.00
-999	1690251620	3600		261.61		         0		-999.00
-999	1690255220	3600		261.61		         0		-999.00
-999	1690258820	3600		261.61		         0		-999.00
-999	1690262420	3600		261.61		         0		-999.00
-999	1690266020	3600		261.30		         0		-999.00
-999	1690269620	3600		261.57		         0		-999.00
-999	1690273220	3600		261.57		         0		-999.00
-999	1690276820	3600		261.52		         0		-999.00
-999	1690280420	3600		261.54		         0		-999.00
-999	1690284020	3600		261.39		         0		-999.00
-999	1690287620	3600		261.57		         0		-999.00
-999	1690291220	3600		261.59		         0		-999.00
-999	1690294820	3600		261.39		         0		-999.00
-999	1690298420	3600		261.59		         0		-999.00
-999	1690302020	3600		261.63		         0		-999.00
-999	1690305620	3600		261.63		         0		-999.00
-999	1690309220	3600		261.63		         0		-999.00
-999	1690312820	3600		261.63		         0		-999.00
-999	1690316420	3600		261.63		         0		-999.00
-999	1690320020	3600		261.45		         0		-999.00
-999	1690323620	3600		261.63		         0		-999.00
-999	1690327220	3600		261.58		         0		-999.00
-999	1690330820	3600		261.66		         0		-999.00
-999	1690334420	3600		261.66		         0		-999.00
-999	1690338020	3600		261.66		         0		-999.00
-999	1690341620	3600		261.66		         0		-999.00
-999	1690345220	3600		261.66		         0		-999.00
-999	1690348820	3600		261.66		         0		-999.00
-999	1690352420	3600		261.72		         0		-999.00
-999	1690356020	3600		261.40		         0		-999.00
-999	1690359620	3600		261.74		         0		-999.00
-999	1690363220	3600		261.68		         0		-999.00
-999	1690366820	3600		261.63		         0		-999.00
-999	1690370420	3600		261.45		         0		-999.00
-999	1690374020	3600		261.38		         0		-999.00
-999	1690377620	3600		261.61		         0		-999.00
-999	1690381220	3600		261.30		         0		-999.00
-999	1690384820	3600		261.55		         0		-999.00
-999	1690388420	3600		261.70		         0		-999.00
-999	1690392020	3600		261.70		         0		-999.00
-999	1690395620	3600		261.65		         0		-999.00
-999	1690399220	3600		261.70		         0		-999.00
-999	1690402820	3600		261.65		         0		-999.00
-999	1690406420	3600		261.65		         0		-999.00
-999	1690410020	3600		261.71		         0		-999.00
-999	1690413620	3600		261.67		         0		-999.00
-999	1690417220	3600		261.72		         0		-999.00
-999	1690420820	3600		261.72		         0		-999.00
-999	1690424420	3600		261.67		         0		-999.00
-999	1690428020	3600		261.72		         0		-999.00
-999	1690431620	3600		261.72		         0		-999.00
-999	1690435220	3600		261.72		         0		-999.00
-999	1690438820	3600		261.50		         0		-999.00
-999	1690442420	3600		261.76		         0		-999.00
-999	1690446020	3600		261.73		         0		-999.00
-999	1690449620	3600		261.61		         0		-999.00
-999	1690453220	3600		261.72		         0		-999.00
-999	1690456820	3600		261.72		         0		-999.00
-999	1690460420	3600		261.69		         0		-999.00
-999	1690464020	3600		261.70		         0		-999.00
-999	1690467620	3600		255.80		         0		-999.00
-999	1690471220	3600		267.24		         0		-999.00
-999	1690474820	3600		272.25		         0		-999.00
-999	1690478420	3600		272.36		         0		-999.00
-999	1690482020	3600		272.50		         0		-999.00
-999	1690485620	3600		272.44		         0		-999.00
-999	1690489220	3600		272.54		         0		-999.00
-999	1690492820	3600		272.60		         0		-999.00
-999	1690496420	3600		272.60		         0		-999.00
-999	1690500020	3600		272.60		         0		-999.00
-999	1690503620	3600		272.60		         0		-999.00
-999	1690507220	3600		272.60		         0		-999.00
-999	1690510820	3600		272.60		         0		-999.00
-999	1690514420	3600		272.60		         0		-999.00
-999	1690518020	3600		272.60		         0		-999.00
-999	1690521620	3600		274.36		         0		-999.00
-999	1690525220	3600		276.79		         0		-999.00
-999	1690528820	3600		276.85		         0		-999.00
-999	1690532420	3600		276.97		         0		-999.00
-999	1690536020	3600		276.97		         0		-999.00
-999	1690539620	3600		276.97		         0		-999.00
-999	1690543220	3600		276.97		         0		-999.00
-999	1690546820	3600		276.97		         0		-999.00
-999	1690550420	3600		276.97		         0		-999.00
-999	1690554020	3600		276.97		         0		-999.00
-999	1690557620	3600		276.97		         0		-999.00
-999	1690561220	3600		276.97		         0		-999.00
-999	1690564820	3600		276.97		         0		-999.00
-999	1690568420	3600		276.97		         0		-999.00
-999	1690572020	3600		276.97		         0		-999.00
-999	1690575620	3600		276.97		         0		-999.00
-999	1690579220	3600		276.97		         0		-999.00
-999	1690582820	3600		276.97		         0		-999.00
-999	1690586420	3600		276.97		         0		-999.00
-999	1690590020	3600		276.97		         0		-999.00
-999	1690593620	3600		276.97		         0		-999.00
-999	1690597220	3600		276.97		         0		-999.00
-999	1690600820	3600		276.97		         0		-999.00
-999	1690604420	3600		276.97		         0		-999.00
-999	1690608020	3600		276.97		         0		-999.00
-999	1690611620	3600		276.97		         0		-999.00
-999	1690615220	3600		276.97		         0		-999.00
-999	1690618820	3600		276.97		         0		-999.00
-999	1690622420	3600		276.97		         0		-999.00
-999	1690626020	3600		276.97		         0		-999.00
-999	1690629620	3600		276.97		         0		-999.00
-999	1690633220	3600		276.97		         0		-999.00
-999	1690636820	3600		276.97		         0		-999.00
-999	1690640420	3600		276.92		         0		-999.00
-999	1690644020	3600		276.97		         0		-999.00
-999	1690647620	3600		276.97		         0		-999.00
-999	1690651220	3600		276.97		         0		-999.00
-999	1690654820	3600		276.97		         0		-999.00
-999	1690658420	3600		276.97		         0		-999.00
-999	1690662020	3600		276.92		         0		-999.00
-999	1690665620	3600		276.92		         0		-999.00
-999	1690669220	3600		276.92		         0		-999.00
-999	1690672820	3600		276.97		         0		-999.00
-999	1690676420	3600		276.97		         0		-999.00
-999	1690680020	3600		276.97		         0		-999.00
-999	1690683620	3600		276.97		         0		-999.00
-999	1690687220	3600		276.97		         0		-999.00
-999	1690690820	3600		276.97		         0		-999.00
-999	1690694420	3600		276.97		         0		-999.00
-999	1690698020	3600		276.97		         0		-999.00
-999	1690701620	3600		276.97		         0		-999.00
-999	1690705220	3600		276.87		         0		-999.00
-999	1690708820	3600		276.97		         0		-999.00
-999	1690712420	3600		276.92		         0		-999.00
-999	1690716020	3600		276.97		         0		-999.00
-999	1690719620	3600		276.97		         0		-999.00
-999	1690723220	3600		276.98		         0		-999.00
-999	1690726820	3600		276.93		         0		-999.00
-999	1690730420	3600		276.98		         0		-999.00
-999	1690734020	3600		277.03		         0		-999.00
-999	1690737620	3600		276.92		         0		-999.00
-999	1690741220	3600		276.97		         0		-999.00
-999	1690744820	3600		276.97		         0		-999.00
-999	1690748420	3600		276.92		         0		-999.00
-999	1690752020	3600		276.97		         0		-999.00
-999	1690755620	3600		277.03		         0		-999.00
-999	1690759220	3600		277.03		         0		-999.00
-999	1690762820	3600		277.03		         0		-999.00
-999	1690766420	3600		277.03		         0		-999.00
-999	1690770020	3600		277.03		         0		-999.00
-999	1690773620	3600		276.98		         0		-999.00
-999	1690777220	3600		276.98		         0		-999.00
-999	1690780820	3600		276.98		         0		-999.00
-999	1690784420	3600		276.98		         0		-999.00
-999	1690788020	3600		276.98		         0		-999.00
-999	1690791620	3600		276.98		         0		-999.00
-999	1690795220	3600		276.98		         0		-999.00
-999	1690798820	3600		276.98		         0		-999.00
-999	1690802420	3600		276.98		         0		-999.00
-999	1690806020	3600		276.98		         0		-999.00
-999	1690809620	3600		276.98		         0		-999.00
-999	1690813220	3600		276.98		         0		-999.00
-999	1690816820	3600		276.98		         0		-999.00
-999	1690820420	3600		276.98		         0		-999.00
-999	1690824020	3600		276.98		         0		-999.00
-999	1690827620	3600		276.98		         0		-999.00
-999	1690831220	3600		276.98		         0		-999.00
-999	1690834820	3600		276.98		         0		-999.00
-999	1690838420	3600		276.98		         0		-999.00
-999	1690842020	3600		276.98		         0		-999.00
-999	1690845620	3600		276.98		         0		-999.00
-999	1690849220	3600		276.98		         0		-999.00
-999	1690852820	3600		276.98		         0		-999.00
-999	1690856420	3600		276.98		         0		-999.00
-999	1690860020	3600		276.98		         0		-999.00
-999	1690863620	3600		276.98		         0		-999.00
-999	1690867220	3600		276.98		         0		-999.00
-999	1690870820	3600		276.98		         0		-999.00
-999	1690874420	3600		276.98		         0		-999.00
-999	1690878020	3600		276.98		         0		-999.00
-999	1690881620	3600		276.98		         0		-999.00
-999	1690885220	3600		276.98		         0		-999.00
-999	1690888820	3600		276.98		         0		-999.00
-999	1690892420	3600		276.98		         0		-999.00
-999	1690896020	3600		276.98		         0		-999.00
-999	1690899620	3600		276.98		         0		-999.00
-999	1690903220	3600		276.98		         0		-999.00
-999	1690906820	3600		276.98		         0		-999.00
-999	1690910420	3600		276.98		         0		-999.00
-999	1690914020	3600		276.98		         0		-999.00
-999	1690917620	3600		276.98		         0		-999.00
-999	1690921220	3600		276.98		         0		-999.00
-999	1690924820	3600		276.98		         0		-999.00
-999	1690928420	3600		276.98		         0		-999.00
-999	1690932020	3600		276.98		         0		-999.00
-999	1690935620	3600		276.98		         0		-999.00
-999	1690939220	3600		276.98		         0		-999.00
-999	1690942820	3600		276.98		         0		-999.00
-999	1690946420	3600		276.98		         0		-999.00
-999	1690950020	3600		276.98		         0		-999.00
-999	1690953620	3600		276.98		         0		-999.00
-999	1690957220	3600		276.98		         0		-999.00
-999	1690960820	3600		276.98		         0		-999.00
-999	1690964420	3600		276.98		         0		-999.00
-999	1690968020	3600		276.98		         0		-999.00
-999	1690971620	3600		276.98		         0		-999.00
-999	1690975220	3600		276.98		         0		-999.00
-999	1690978820	3600		276.98		         0		-999.00
-999	1690982420	3600		276.98		         0		-999.00
-999	1690986020	3600		276.98		         0		-999.00
-999	1690989620	3600		276.98		         0		-999.00
-999	1690993220	3600		276.98		         0		-999.00
-999	1690996820	3600		276.98		         0		-999.00
-999	1691000420	3600		276.98		         0		-999.00
-999	1691004020	3600		276.98		         0		-999.00
-999	1691007620	3600		276.98		         0		-999.00
-999	1691011220	3600		276.98		         0		-999.00
-999	1691014820	3600		276.98		         0		-999.00
-999	1691018420	3600		276.98		         0		-999.00
-999	1691022020	3600		276.93		         0		-999.00
-999	1691025620	3600		276.98		         0		-999.00
-999	1691029220	3600		276.98		         0		-999.00
-999	1691032820	3600		276.87		         0		-999.00
-999	1691036420	3600		276.97		         0		-999.00
-999	1691040020	3600		276.97		         0		-999.00
-999	1691043620	3600		276.97		         0		-999.00
-999	1691047220	3600		276.97		         0		-999.00
-999	1691050820	3600		276.97		         0		-999.00
-999	1691054420	3600		276.97		         0		-999.00
-999	1691058020	3600		276.97		         0		-999.00
-999	1691061620	3600		276.97		         0		-999.00
-999	1691065220	3600		276.97		         0		-999.00
-999	1691068820	3600		276.97		         0		-999.00
-999	1691072420	3600		276.97		         0		-999.00
-999	1691076020	3600		276.97		         0		-999.00
-999	1691079620	3600		276.97		         0		-999.00
-999	1691083220	3600		276.97		         0		-999.00
-999	1691086820	3600		276.97		         0		-999.00
-999	1691090420	3600		276.97		         0		-999.00
-999	1691094020	3600		276.97		         0		-999.00
-999	1691097620	3600		276.97		         0		-999.00
-999	1691101220	3600		276.87		         0		-999.00
-999	1691104820	3600		276.87		         0		-999.00
-999	1691108420	3600		276.97		         0		-999.00
-999	1691112020	3600		276.97		         0		-999.00
-999	1691115620	3600		276.97		         0		-999.00
-999	1691119220	3600		276.97		         0		-999.00
-999	1691122820	3600		276.97		         0		-999.00
-999	1691126420	3600		276.97		         0		-999.00
-999	1691130020	3600		276.97		         0		-999.00
-999	1691133620	3600		276.92		         0		-999.00
-999	1691137220	3600		276.92		         0		-999.00
-999	1691140820	3600		276.97		         0		-999.00
-999	1691144420	3600		276.97		         0		-999.00
-999	1691148020	3600		276.97		         0		-999.00
-999	1691151620	3600		276.97		         0		-999.00
-999	1691155220	3600		276.97		         0		-999.00
-999	1691158820	3600		276.97		         0		-999.00
-999	1691162420	3600		276.97		         0		-999.00
-999	1691166020	3600		276.97		         0		-999.00
-999	1691169620	3600		276.97		         0		-999.00
-999	1691173220	3600		276.97		         0		-999.00
-999	1691176820	3600		276.97		         0		-999.00
-999	1691180420	3600		276.97		         0		-999.00
-999	1691184020	3600		276.97		         0		-999.00
-999	1691187620	3600		276.97		         0		-999.00
-999	1691191220	3600		276.97		         0		-999.00
-999	1691194820	3600		276.97		         0		-999.00
-999	1691198420	3600		276.97		         0		-999.00
-999	1691202020	3600		276.97		         0		-999.00
-999	1691205620	3600		276.97		         0		-999.00
-999	1691209220	3600		276.97		         0		-999.00
-999	1691212820	3600		276.97		         0		-999.00
-999	1691216420	3600		276.97		         0		-999.00
-999	1691220020	3600		276.97		         0		-999.00
-999	1691223620	3600		276.97		         0		-999.00
-999	1691227220	3600		276.97		         0		-999.00
-999	1691230820	3600		276.97		         0		-999.00
-999	1691234420	3600		276.97		         0		-999.00
-999	1691238020	3600		276.97		         0		-999.00
-999	1691241620	3600		276.97		         0		-999.00
-999	1691245220	3600		276.97		         0		-999.00
-999	1691248820	3600		276.97		         0		-999.00
-999	1691252420	3600		276.97		         0		-999.00
-999	1691256020	3600		276.97		         0		-999.00
-999	1691259620	3600		276.97		         0		-999.00
-999	1691263220	3600		276.92		         0		-999.00
-999	1691266820	3600		276.97		         0		-999.00
-999	1691270420	3600		276.92		         0		-999.00
-999	1691274020	3600		276.97		         0		-999.00
-999	1691277620	3600		276.97		         0		-999.00
-999	1691281220	3600		276.97		         0		-999.00
-999	1691284820	3600		276.97		         0		-999.00
-999	1691288420	3600		276.92		         0		-999.00
-999	1691292020	3600		276.97		         0		-999.00
-999	1691295620	3600		276.97		         0		-999.00
-999	1691299220	3600		276.97		         0		-999.00
-999	1691302820	3600		276.97		         0		-999.00
-999	1691306420	3600		276.97		         0		-999.00
-999	1691310020	3600		276.97		         0		-999.00
-999	1691313620	3600		276.97		         0		-999.00
-999	1691317220	3600		276.92		         0		-999.00
-999	1691320820	3600		276.97		         0		-999.00
-999	1691324420	3600		276.97		         0		-999.00
-999	1691328020	3600		276.97		         0		-999.00
-999	1691331620	3600		276.87		         0		-999.00
-999	1691335220	3600		276.87		         0		-999.00
-999	1691338820	3600		276.97		         0		-999.00
-999	1691342420	3600		276.97		         0		-999.00
-999	1691346020	3600		276.97		         0		-999.00
-999	1691349620	3600		276.97		         0		-999.00
-999	1691353220	3600		276.97		         0		-999.00
-999	1691356820	3600		276.97		         0		-999.00
-999	1691360420	3600		276.97		         0		-999.00
-999	1691364020	3600		276.97		         0		-999.00
-999	1691367620	3600		276.87		         0		-999.00
-999	1691371220	3600		276.87		         0		-999.00
-999	1691374820	3600		276.97		         0		-999.00
-999	1691378420	3600		276.97		         0		-999.00
-999	1691382020	3600		276.97		         0		-999.00
-999	1691385620	3600		276.97		         0		-999.00
-999	1691389220	3600		276.97		         0		-999.00
-999	1691392820	3600		276.97		         0		-999.00
-999	1691396420	3600		276.97		         0		-999.00
-999	1691400020	3600		276.97		         0		-999.00
-999	1691403620	3600		276.97		         0		-999.00
-999	1691407220	3600		276.97		         0		-999.00
-999	1691410820	3600		276.97		         0		-999.00
-999	1691414420	3600		276.97		         0		-999.00
-999	1691418020	3600		276.97		         0		-999.00
-999	1691421620	3600		276.97		         0		-999.00
-999	1691425220	3600		276.97		         0		-999.00
-999	1691428820	3600		276.97		         0		-999.00
-999	1691432420	3600		276.97		         0		-999.00
-999	1691436020	3600		276.97		         0		-999.00
-999	1691439620	3600		276.97		         0		-999.00
-999	1691443220	3600		276.92		         0		-999.00
-999	1691446820	3600		276.97		         0		-999.00
-999	1691450420	3600		276.92		         0		-999.00
-999	1691454020	3600		276.92		         0		-999.00
-999	1691457620	3600		276.97		         0		-999.00
-999	1691461220	3600		276.92		         0		-999.00
-999	1691464820	3600		276.97		         0		-999.00
-999	1691468420	3600		276.97		         0		-999.00
-999	1691472020	3600		276.97		         0		-999.00
-999	1691475620	3600		276.97		         0		-999.00
-999	1691479220	3600		276.97		         0		-999.00
-999	1691482820	3600		276.97		         0		-999.00
-999	1691486420	3600		276.97		         0		-999.00
-999	1691490020	3600		276.97		         0		-999.00
-999	1691493620	3600		276.97		         0		-999.00
-999	1691497220	3600		276.97		         0		-999.00
-999	1691500820	3600		276.97		         0		-999.00
-999	1691504420	3600		276.97		         0		-999.00
-999	1691508020	3600		276.97		         0		-999.00
-999	1691511620	3600		276.97		         0		-999.00
-999	1691515220	3600		276.97		         0		-999.00
-999	1691518820	3600		276.97		         0		-999.00
-999	1691522420	3600		276.97		         0		-999.00
-999	1691526020	3600		276.97		         0		-999.00
-999	1691529620	3600		276.97		         0		-999.00
-999	1691533220	3600		276.97		         0		-999.00
-999	1691536820	3600		276.87		         0		-999.00
-999	1691540420	3600		276.97		         0		-999.00
-999	1691544020	3600		276.97		         0		-999.00
-999	1691547620	3600		276.97		         0		-999.00
-999	1691551220	3600		276.97		         0		-999.00
-999	1691554820	3600		276.97		         0		-999.00
-999	1691558420	3600		276.97		         0		-999.00
-999	1691562020	3600		276.97		         0		-999.00
-999	1691565620	3600		276.97		         0		-999.00
-999	1691569220	3600		276.92		         0		-999.00
-999	1691572820	3600		276.92		         0		-999.00
-999	1691576420	3600		276.92		         0		-999.00
-999	1691580020	3600		276.97		         0		-999.00
-999	1691583620	3600		276.97		         0		-999.00
-999	1691587220	3600		276.97		         0		-999.00
-999	1691590820	3600		276.87		         0		-999.00
-999	1691594420	3600		276.87		         0		-999.00
-999	1691598020	3600		276.97		         0		-999.00
-999	1691601620	3600		276.97		         0		-999.00
-999	1691605220	3600		276.97		         0		-999.00
-999	1691608820	3600		276.97		         0		-999.00
-999	1691612420	3600		276.97		         0		-999.00
-999	1691616020	3600		276.97		         0		-999.00
-999	1691619620	3600		276.92		         0		-999.00
-999	1691623220	3600		276.97		         0		-999.00
-999	1691626820	3600		276.97		         0		-999.00
-999	1691630420	3600		276.97		         0		-999.00
-999	1691634020	3600		276.97		         0		-999.00
-999	1691637620	3600		276.97		         0		-999.00
-999	1691641220	3600		276.97		         0		-999.00
-999	1691644820	3600		276.97		         0		-999.00
-999	1691648420	3600		276.97		         0		-999.00
-999	1691652020	3600		276.97		         0		-999.00
-999	1691655620	3600		276.92		         0		-999.00
-999	1691659220	3600		276.97		         0		-999.00
-999	1691662820	3600		276.92		         0		-999.00
-999	1691666420	3600		276.97		         0		-999.00
-999	1691670020	3600		276.97		         0		-999.00
-999	1691673620	3600		276.92		         0		-999.00
-999	1691677220	3600		276.97		         0		-999.00
-999	1691680820	3600		276.97		         0		-999.00
-999	1691684420	3600		276.97		         0		-999.00
-999	1691688020	3600		276.97		         0		-999.00
-999	1691691620	3600		276.97		         0		-999.00
-999	1691695220	3600		276.97		         0		-999.00
-999	1691698820	3600		276.97		         0		-999.00
-999	1691702420	3600		276.97		         0		-999.00
-999	1691706020	3600		276.97		         0		-999.00
-999	1691709620	3600		276.97		         0		-999.00
-999	1691713220	3600		276.97		         0		-999.00
-999	1691716820	3600		276.97		         0		-999.00
-999	1691720420	3600		276.97		         0		-999.00
-999	1691724020	3600		276.97		         0		-999.00
-999	1691727620	3600		276.87		         0		-999.00
-999	1691731220	3600		276.81		         0		-999.00
-999	1691734820	3600		276.76		         0		-999.00
-999	1691738420	3600		276.81		         0		-999.00
-999	1691742020	3600		276.87		         0		-999.00
-999	1691745620	3600		276.87		         0		-999.00
-999	1691749220	3600		276.97		         0		-999.00
-999	1691752820	3600		276.97		         0		-999.00
-999	1691756420	3600		276.97		         0		-999.00
-999	1691760020	3600		276.97		         0		-999.00
-999	1691763620	3600		276.97		         0		-999.00
-999	1691767220	3600		276.92		         0		-999.00
-999	1691770820	3600		276.97		         0		-999.00
-999	1691774420	3600		276.97		         0		-999.00
-999	1691778020	3600		276.97		         0		-999.00
-999	1691781620	3600		276.97		         0		-999.00
-999	1691785220	3600		276.97		         0		-999.00
-999	1691788820	3600		276.97		         0		-999.00
-999	1691792420	3600		276.92		         0		-999.00
-999	1691796020	3600		276.94		         0		-999.00
-999	1691799620	3600		276.94		         0		-999.00
-999	1691803220	3600		276.84		         0		-999.00
-999	1691806820	3600		276.94		         0		-999.00
-999	1691810420	3600		276.94		         0		-999.00
-999	1691814020	3600		276.94		         0		-999.00
-999	1691817620	3600		276.94		         0		-999.00
-999	1691821220	3600		276.94		         0		-999.00
-999	1691824820	3600		276.94		         0		-999.00
-999	1691828420	3600		276.84		         0		-999.00
-999	1691832020	3600		276.94		         0		-999.00
-999	1691835620	3600		276.94		         0		-999.00
-999	1691839220	3600		276.94		         0		-999.00
-999	1691842820	3600		276.94		         0		-999.00
-999	1691846420	3600		276.94		         0		-999.00
-999	1691850020	3600		276.94		         0		-999.00
-999	1691853620	3600		276.94		         0		-999.00
-999	1691857220	3600		276.94		         0		-999.00
-999	1691860820	3600		276.94		         0		-999.00
-999	1691864420	3600		276.94		         0		-999.00
-999	1691868020	3600		276.94		         0		-999.00
-999	1691871620	3600		276.84		         0		-999.00
-999	1691875220	3600		276.94		         0		-999.00
-999	1691878820	3600		276.94		         0		-999.00
-999	1691882420	3600		276.94		         0		-999.00
-999	1691886020	3600		276.94		         0		-999.00
-999	1691889620	3600		276.94		         0		-999.00
-999	1691893220	3600		276.94		         0		-999.00
-999	1691896820	3600		276.94		         0		-999.00
-999	1691900420	3600		276.84		         0		-999.00
-999	1691904020	3600		276.84		         0		-999.00
-999	1691907620	3600		276.94		         0		-999.00
-999	1691911220	3600		276.94		         0		-999.00
-999	1691914820	3600		276.94		         0		-999.00
-999	1691918420	3600		276.94		         0		-999.00
-999	1691922020	3600		276.94		         0		-999.00
-999	1691925620	3600		276.94		         0		-999.00
-999	1691929220	3600		276.94		         0		-999.00
-999	1691932820	3600		276.94		         0		-999.00
-999	1691936420	3600		276.94		         0		-999.00
-999	1691940020	3600		276.94		         0		-999.00
-999	1691943620	3600		276.94		         0		-999.00
-999	1691947220	3600		276.94		         0		-999.00
-999	1691950820	3600		276.94		         0		-999.00
-999	1691954420	3600		276.94		         0		-999.00
-999	1691958020	3600		276.94		         0		-999.00
-999	1691961620	3600		276.94		         0		-999.00
-999	1691965220	3600		276.94		         0		-999.00
-999	1691968820	3600		276.94		         0		-999.00
-999	1691972420	3600		276.94		         0		-999.00
-999	1691976020	3600		276.94		         0		-999.00
-999	1691979620	3600		276.94		         0		-999.00
-999	1691983220	3600		276.94		         0		-999.00
-999	1691986820	3600		276.94		         0		-999.00
-999	1691990420	3600		276.94		         0		-999.00
-999	1691994020	3600		276.84		         0		-999.00
-999	1691997620	3600		276.94		         0		-999.00
-999	1692001220	3600		276.94		         0		-999.00
-999	1692004820	3600		276.94		         0		-999.00
-999	1692008420	3600		276.94		         0		-999.00
-999	1692012020	3600		276.84		         0		-999.00
-999	1692015620	3600		276.94		         0		-999.00
-999	1692019220	3600		276.94		         0		-999.00
-999	1692022820	3600		276.94		         0		-999.00
-999	1692026420	3600		276.94		         0		-999.00
-999	1692030020	3600		276.94		         0		-999.00
-999	1692033620	3600		276.94		         0		-999.00
-999	1692037220	3600		276.94		         0		-999.00
-999	1692040820	3600		276.94		         0		-999.00
-999	1692044420	3600		276.94		         0		-999.00
-999	1692048020	3600		276.94		         0		-999.00
-999	1692051620	3600		276.94		         0		-999.00
-999	1692055220	3600		276.94		         0		-999.00
-999	1692058820	3600		276.94		         0		-999.00
-999	1692062420	3600		276.94		         0		-999.00
-999	1692066020	3600		276.94		         0		-999.00
-999	1692069620	3600		276.94		         0		-999.00
-999	1692073220	3600		276.94		         0		-999.00
-999	1692076820	3600		276.94		         0		-999.00
-999	1692080420	3600		276.94		         0		-999.00
-999	1692084020	3600		276.94		         0		-999.00
-999	1692087620	3600		276.94		         0		-999.00
-999	1692091220	3600		276.94		         0		-999.00
-999	1692094820	3600		276.94		         0		-999.00
-999	1692098420	3600		276.94		         0		-999.00
-999	1692102020	3600		276.94		         0		-999.00
-999	1692105620	3600		276.94		         0		-999.00
-999	1692109220	3600		276.84		         0		-999.00
-999	1692112820	3600		276.89		         0		-999.00
-999	1692116420	3600		276.94		         0		-999.00
-999	1692120020	3600		276.94		         0		-999.00
-999	1692123620	3600		276.94		         0		-999.00
-999	1692127220	3600		276.94		         0		-999.00
-999	1692130820	3600		276.94		         0		-999.00
-999	1692134420	3600		276.89		         0		-999.00
-999	1692138020	3600		276.84		         0		-999.00
-999	1692141620	3600		276.94		         0		-999.00
-999	1692145220	3600		276.94		         0		-999.00
-999	1692148820	3600		276.94		         0		-999.00
-999	1692152420	3600		276.94		         0		-999.00
-999	1692156020	3600		276.94		         0		-999.00
-999	1692159620	3600		276.94		         0		-999.00
-999	1692163220	3600		276.84		         0		-999.00
-999	1692166820	3600		276.89		         0		-999.00
-999	1692170420	3600		276.94		         0		-999.00
-999	1692174020	3600		276.94		         0		-999.00
-999	1692177620	3600		276.94		         0		-999.00
-999	1692181220	3600		276.94		         0		-999.00
-999	1692184820	3600		276.94		         0		-999.00
-999	1692188420	3600		276.94		         0		-999.00
-999	1692192020	3600		276.94		         0		-999.00
-999	1692195620	3600		276.94		         0		-999.00
-999	1692199220	3600		276.84		         0		-999.00
-999	1692202820	3600		276.94		         0		-999.00
-999	1692206420	3600		276.94		         0		-999.00
-999	1692210020	3600		276.94		         0		-999.00
-999	1692213620	3600		276.84		         0		-999.00
-999	1692217220	3600		276.84		         0		-999.00
-999	1692220820	3600		276.89		         0		-999.00
-999	1692224420	3600		276.94		         0		-999.00
-999	1692228020	3600		276.94		         0		-999.00
-999	1692231620	3600		276.94		         0		-999.00
-999	1692235220	3600		276.94		         0		-999.00
-999	1692238820	3600		276.94		         0		-999.00
-999	1692242420	3600		276.94		         0		-999.00
-999	1692246020	3600		276.84		         0		-999.00
-999	1692249620	3600		276.84		         0		-999.00
-999	1692253220	3600		276.84		         0		-999.00
-999	1692256820	3600		276.84		         0		-999.00
-999	1692260420	3600		276.94		         0		-999.00
-999	1692264020	3600		276.94		         0		-999.00
-999	1692267620	3600		276.94		         0		-999.00
-999	1692271220	3600		276.94		         0		-999.00
-999	1692274820	3600		276.94		         0		-999.00
-999	1692278420	3600		276.94		         0		-999.00
-999	1692282020	3600		276.84		         0		-999.00
-999	1692285620	3600		276.84		         0		-999.00
-999	1692289220	3600		276.84		         0		-999.00
-999	1692292820	3600		276.94		         0		-999.00
-999	1692296420	3600		276.94		         0		-999.00
-999	1692300020	3600		276.94		         0		-999.00
-999	1692303620	3600		276.94		         0		-999.00
-999	1692307220	3600		276.94		         0		-999.00
-999	1692310820	3600		276.94		         0		-999.00
-999	1692314420	3600		276.94		         0		-999.00
-999	1692318020	3600		276.94		         0		-999.00
-999	1692321620	3600		276.94		         0		-999.00
-999	1692325220	3600		276.84		         0		-999.00
-999	1692328820	3600		276.94		         0		-999.00
-999	1692332420	3600		276.84		         0		-999.00
-999	1692336020	3600		276.94		         0		-999.00
-999	1692339620	3600		276.84		         0		-999.00
-999	1692343220	3600		276.73		         0		-999.00
-999	1692346820	3600		276.73		         0		-999.00
-999	1692350420	3600		276.73		         0		-999.00
-999	1692354020	3600		276.83		         0		-999.00
-999	1692357620	3600		276.73		         0		-999.00
-999	1692361220	3600		276.61		         0		-999.00
-999	1692364820	3600		276.61		         0		-999.00
-999	1692368420	3600		276.66		         0		-999.00
-999	1692372020	3600		276.71		         0		-999.00
-999	1692375620	3600		276.71		         0		-999.00
-999	1692379220	3600		276.71		         0		-999.00
-999	1692382820	3600		276.71		         0		-999.00
-999	1692386420	3600		276.66		         0		-999.00
-999	1692390020	3600		276.61		         0		-999.00
-999	1692393620	3600		276.61		         0		-999.00
-999	1692397220	3600		276.61		         0		-999.00
-999	1692400820	3600		276.61		         0		-999.00
-999	1692404420	3600		276.61		         0		-999.00
-999	1692408020	3600		276.61		         0		-999.00
-999	1692411620	3600		276.61		         0		-999.00
-999	1692415220	3600		276.61		         0		-999.00
-999	1692418820	3600		276.61		         0		-999.00
-999	1692422420	3600		276.61		         0		-999.00
-999	1692426020	3600		276.61		         0		-999.00
-999	1692429620	3600		276.61		         0		-999.00
-999	1692433220	3600		276.61		         0		-999.00
-999	1692436820	3600		276.61		         0		-999.00
-999	1692440420	3600		276.61		         0		-999.00
-999	1692444020	3600		276.61		         0		-999.00
-999	1692447620	3600		276.61		         0		-999.00
-999	1692451220	3600		276.61		         0		-999.00
-999	1692454820	3600		276.61		         0		-999.00
-999	1692458420	3600		276.61		         0		-999.00
-999	1692462020	3600		276.50		         0		-999.00
-999	1692465620	3600		276.59		         0		-999.00
-999	1692469220	3600		276.59		         0		-999.00
-999	1692472820	3600		276.59		         0		-999.00
-999	1692476420	3600		276.59		         0		-999.00
-999	1692480020	3600		276.50		         0		-999.00
-999	1692483620	3600		276.59		         0		-999.00
-999	1692487220	3600		276.59		         0		-999.00
-999	1692490820	3600		276.59		         0		-999.00
-999	1692494420	3600		276.59		         0		-999.00
-999	1692498020	3600		276.59		         0		-999.00
-999	1692501620	3600		276.59		         0		-999.00
-999	1692505220	3600		276.59		         0		-999.00
-999	1692508820	3600		276.64		         0		-999.00
-999	1692512420	3600		276.54		         0		-999.00
-999	1692516020	3600		276.38		         0		-999.00
-999	1692519620	3600		276.38		         0		-999.00
-999	1692523220	3600		276.38		         0		-999.00
-999	1692526820	3600		276.50		         0		-999.00
-999	1692530420	3600		276.50		         0		-999.00
-999	1692534020	3600		276.50		         0		-999.00
-999	1692537620	3600		276.50		         0		-999.00
-999	1692541220	3600		276.50		         0		-999.00
-999	1692544820	3600		276.38		         0		-999.00
-999	1692548420	3600		276.50		         0		-999.00
-999	1692552020	3600		276.50		         0		-999.00
-999	1692555620	3600		276.50		         0		-999.00
-999	1692559220	3600		276.50		         0		-999.00
-999	1692562820	3600		276.50		         0		-999.00
-999	1692566420	3600		276.50		         0		-999.00
-999	1692570020	3600		276.50		         0		-999.00
-999	1692573620	3600		276.50		         0		-999.00
-999	1692577220	3600		276.50		         0		-999.00
-999	1692580820	3600		276.50		         0		-999.00
-999	1692584420	3600		276.50		         0		-999.00
-999	1692588020	3600		276.50		         0		-999.00
-999	1692591620	3600		264.86		         0		-999.00
-999	1692595220	3600		255.21		         0		-999.00
-999	1692598820	3600		255.49		         0		-999.00
-999	1692602420	3600		255.81		         0		-999.00
-999	1692606020	3600		257.44		         0		-999.00
-999	1692609620	3600		258.48		         0		-999.00
-999	1692613220	3600		258.42		         0		-999.00
-999	1692616820	3600		261.30		         0		-999.00
-999	1692620420	3600		261.57		         0		-999.00
-999	1692624020	3600		261.36		         0		-999.00
-999	1692627620	3600		261.46		         0		-999.00
-999	1692631220	3600		261.38		         0		-999.00
-999	1692634820	3600		261.38		         0		-999.00
-999	1692638420	3600		261.44		         0		-999.00
-999	1692642020	3600		261.46		         0		-999.00
-999	1692645620	3600		261.52		         0		-999.00
-999	1692649220	3600		261.52		         0		-999.00
-999	1692652820	3600		261.52		         0		-999.00
-999	1692656420	3600		261.51		         0		-999.00
-999	1692660020	3600		261.56		         0		-999.00
-999	1692663620	3600		261.50		         0		-999.00
-999	1692667220	3600		261.46		         0		-999.00
-999	1692670820	3600		261.50		         0		-999.00
-999	1692674420	3600		261.49		         0		-999.00
-999	1692678020	3600		261.55		         0		-999.00
-999	1692681620	3600		261.13		         0		-999.00
-999	1692685220	3600		261.49		         0		-999.00
-999	1692688820	3600		261.49		         0		-999.00
-999	1692692420	3600		261.52		         0		-999.00
-999	1692696020	3600		261.09		         0		-999.00
-999	1692699620	3600		261.38		         0		-999.00
-999	1692703220	3600		261.62		         0		-999.00
-999	1692706820	3600		261.50		         0		-999.00
-999	1692710420	3600		261.50		         0		-999.00
-999	1692714020	3600		261.55		         0		-999.00
-999	1692717620	3600		261.61		         0		-999.00
-999	1692721220	3600		261.61		         0		-999.00
-999	1692724820	3600		261.67		         0		-999.00
-999	1692728420	3600		261.45		         0		-999.00
-999	1692732020	3600		261.51		         0		-999.00
-999	1692735620	3600		261.52		         0		-999.00
-999	1692739220	3600		261.52		         0		-999.00
-999	1692742820	3600		261.52		         0		-999.00
-999	1692746420	3600		261.52		         0		-999.00
-999	1692750020	3600		261.52		         0		-999.00
-999	1692753620	3600		261.57		         0		-999.00
-999	1692757220	3600		261.52		         0		-999.00
-999	1692760820	3600		261.47		         0		-999.00
-999	1692764420	3600		261.52		         0		-999.00
-999	1692768020	3600		261.52		         0		-999.00
-999	1692771620	3600		261.42		         0		-999.00
-999	1692775220	3600		261.61		         0		-999.00
-999	1692778820	3600		261.30		         0		-999.00
-999	1692782420	3600		261.29		         0		-999.00
-999	1692786020	3600		261.30		         0		-999.00
-999	1692789620	3600		261.30		         0		-999.00
-999	1692793220	3600		261.30		         0		-999.00
-999	1692796820	3600		261.53		         0		-999.00
-999	1692800420	3600		261.19		         0		-999.00
-999	1692804020	3600		261.39		         0		-999.00
-999	1692807620	3600		261.19		         0		-999.00
-999	1692811220	3600		261.25		         0		-999.00
-999	1692814820	3600		261.42		         0		-999.00
-999	1692818420	3600		261.55		         0		-999.00
-999	1692822020	3600		261.55		         0		-999.00
-999	1692825620	3600		261.55		         0		-999.00
-999	1692829220	3600		261.55		         0		-999.00
-999	1692832820	3600		261.55		         0		-999.00
-999	1692836420	3600		261.55		         0		-999.00
-999	1692840020	3600		261.55		         0		-999.00
-999	1692843620	3600		261.56		         0		-999.00
-999	1692847220	3600		261.52		         0		-999.00
-999	1692850820	3600		261.52		         0		-999.00
-999	1692854420	3600		261.11		         0		-999.00
-999	1692858020	3600		261.25		         0		-999.00
-999	1692861620	3600		261.40		         0		-999.00
-999	1692865220	3600		261.42		         0		-999.00
-999	1692868820	3600		261.63		         0		-999.00
-999	1692872420	3600		261.49		         0		-999.00
-999	1692876020	3600		261.48		         0		-999.00
-999	1692879620	3600		261.37		         0		-999.00
-999	1692883220	3600		261.34		         0		-999.00
-999	1692886820	3600		261.51		         0		-999.00
-999	1692890420	3600		261.54		         0		-999.00
-999	1692894020	3600		261.54		         0		-999.00
-999	1692897620	3600		261.52		         0		-999.00
-999	1692901220	3600		261.52		         0		-999.00
-999	1692904820	3600		261.52		         0		-999.00
-999	1692908420	3600		261.52		         0		-999.00
-999	1692912020	3600		261.52		         0		-999.00
-999	1692915620	3600		261.52		         0		-999.00
-999	1692919220	3600		261.52		         0		-999.00
-999	1692922820	3600		261.56		         0		-999.00
-999	1692926420	3600		261.51		         0		-999.00
-999	1692930020	3600		261.56		         0		-999.00
-999	1692933620	3600		261.52		         0		-999.00
-999	1692937220	3600		261.09		         0		-999.00
-999	1692940820	3600		261.32		         0		-999.00
-999	1692944420	3600		261.47		         0		-999.00
-999	1692948020	3600		257.95		         0		-999.00
-999	1692951620	3600		258.23		         0		-999.00
-999	1692955220	3600		258.23		         0		-999.00
-999	1692958820	3600		258.25		         0		-999.00
-999	1692962420	3600		261.30		         0		-999.00
-999	1692966020	3600		261.36		         0		-999.00
-999	1692969620	3600		261.61		         0		-999.00
-999	1692973220	3600		261.48		         0		-999.00
-999	1692976820	3600		261.55		         0		-999.00
-999	1692980420	3600		261.16		         0		-999.00
-999	1692984020	3600		261.52		         0		-999.00
-999	1692987620	3600		261.57		         0		-999.00
-999	1692991220	3600		261.58		         0		-999.00
-999	1692994820	3600		261.21		         0		-999.00
-999	1692998420	3600		261.62		         0		-999.00
-999	1693002020	3600		261.62		         0		-999.00
-999	1693005620	3600		261.56		         0		-999.00
-999	1693009220	3600		261.62		         0		-999.00
-999	1693012820	3600		261.62		         0		-999.00
-999	1693016420	3600		261.62		         0		-999.00
-999	1693020020	3600		261.62		         0		-999.00
-999	1693023620	3600		261.63		         0		-999.00
-999	1693027220	3600		261.63		         0		-999.00
-999	1693030820	3600		261.55		         0		-999.00
-999	1693034420	3600		261.55		         0		-999.00
-999	1693038020	3600		261.55		         0		-999.00
-999	1693041620	3600		261.55		         0		-999.00
-999	1693045220	3600		261.55		         0		-999.00
-999	1693048820	3600		261.56		         0		-999.00
-999	1693052420	3600		261.34		         0		-999.00
-999	1693056020	3600		261.64		         0		-999.00
-999	1693059620	3600		261.58		         0		-999.00
-999	1693063220	3600		261.58		         0		-999.00
-999	1693066820	3600		261.58		         0		-999.00
-999	1693070420	3600		261.63		         0		-999.00
-999	1693074020	3600		261.58		         0		-999.00
-999	1693077620	3600		261.58		         0		-999.00
-999	1693081220	3600		261.58		         0		-999.00
-999	1693084820	3600		261.58		         0		-999.00
-999	1693088420	3600		261.58		         0		-999.00
-999	1693092020	3600		261.58		         0		-999.00
-999	1693095620	3600		261.58		         0		-999.00
-999	1693099220	3600		261.59		         0		-999.00
-999	1693102820	3600		261.58		         0		-999.00
-999	1693106420	3600		261.59		         0		-999.00
-999	1693110020	3600		261.23		         0		-999.00
-999	1693113620	3600		261.63		         0		-999.00
-999	1693117220	3600		261.57		         0		-999.00
-999	1693120820	3600		261.47		         0		-999.00
-999	1693124420	3600		261.57		         0		-999.00
-999	1693128020	3600		261.58		         0		-999.00
-999	1693131620	3600		261.58		         0		-999.00
-999	1693135220	3600		261.64		         0		-999.00
-999	1693138820	3600		261.57		         0		-999.00
-999	1693142420	3600		261.47		         0		-999.00
-999	1693146020	3600		261.63		         0		-999.00
-999	1693149620	3600		261.57		         0		-999.00
-999	1693153220	3600		261.63		         0		-999.00
-999	1693156820	3600		261.57		         0		-999.00
-999	1693160420	3600		261.57		         0		-999.00
-999	1693164020	3600		261.57		         0		-999.00
-999	1693167620	3600		261.58		         0		-999.00
-999	1693171220	3600		261.63		         0		-999.00
-999	1693174820	3600		261.57		         0		-999.00
-999	1693178420	3600		261.57		         0		-999.00
-999	1693182020	3600		261.63		         0		-999.00
-999	1693185620	3600		261.58		         0		-999.00
-999	1693189220	3600		261.58		         0		-999.00
-999	1693192820	3600		261.64		         0		-999.00
-999	1693196420	3600		261.58		         0		-999.00
-999	1693200020	3600		261.22		         0		-999.00
-999	1693203620	3600		261.40		         0		-999.00
-999	1693207220	3600		261.43		         0		-999.00
-999	1693210820	3600		261.43		         0		-999.00
-999	1693214420	3600		261.36		         0		-999.00
-999	1693218020	3600		261.41		         0		-999.00
-999	1693221620	3600		261.35		         0		-999.00
-999	1693225220	3600		261.42		         0		-999.00
-999	1693228820	3600		261.40		         0		-999.00
-999	1693232420	3600		261.58		         0		-999.00
-999	1693236020	3600		261.35		         0		-999.00
-999	1693239620	3600		261.58		         0		-999.00
-999	1693243220	3600		261.28		         0		-999.00
-999	1693246820	3600		261.63		         0		-999.00
-999	1693250420	3600		261.63		         0		-999.00
-999	1693254020	3600		261.61		         0		-999.00
-999	1693257620	3600		261.61		         0		-999.00
-999	1693261220	3600		261.61		         0		-999.00
-999	1693264820	3600		261.61		         0		-999.00
-999	1693268420	3600		261.61		         0		-999.00
-999	1693272020	3600		261.61		         0		-999.00
-999	1693275620	3600		261.61		         0		-999.00
-999	1693279220	3600		261.61		         0		-999.00
-999	1693282820	3600		261.61		         0		-999.00
-999	1693286420	3600		261.40		         0		-999.00
-999	1693290020	3600		261.65		         0		-999.00
-999	1693293620	3600		261.68		         0		-999.00
-999	1693297220	3600		261.63		         0		-999.00
-999	1693300820	3600		261.63		         0		-999.00
-999	1693304420	3600		261.63		         0		-999.00
-999	1693308020	3600		261.63		         0		-999.00
-999	1693311620	3600		261.50		         0		-999.00
-999	1693315220	3600		261.51		         0		-999.00
-999	1693318820	3600		261.63		         0		-999.00
-999	1693322420	3600		261.70		         0		-999.00
-999	1693326020	3600		261.59		         0		-999.00
-999	1693329620	3600		261.64		         0		-999.00
-999	1693333220	3600		261.52		         0		-999.00
-999	1693336820	3600		261.61		         0		-999.00
-999	1693340420	3600		261.61		         0		-999.00
-999	1693344020	3600		261.62		         0		-999.00
-999	1693347620	3600		261.62		         0		-999.00
-999	1693351220	3600		261.62		         0		-999.00
-999	1693354820	3600		261.62		         0		-999.00
-999	1693358420	3600		261.68		         0		-999.00
-999	1693362020	3600		261.65		         0		-999.00
-999	1693365620	3600		261.65		         0		-999.00
-999	1693369220	3600		261.65		         0		-999.00
-999	1693372820	3600		261.65		         0		-999.00
-999	1693376420	3600		261.46		         0		-999.00
-999	1693380020	3600		261.39		         0		-999.00
-999	1693383620	3600		258.30		         0		-999.00
-999	1693387220	3600		258.32		         0		-999.00
-999	1693390820	3600		258.12		         0		-999.00
-999	1693394420	3600		258.41		         0		-999.00
-999	1693398020	3600		258.40		         0		-999.00
-999	1693401620	3600		258.38		         0		-999.00
-999	1693405220	3600		258.38		         0		-999.00
-999	1693408820	3600		258.39		         0		-999.00
-999	1693412420	3600		258.39		         0		-999.00
-999	1693416020	3600		258.43		         0		-999.00
-999	1693419620	3600		258.43		         0		-999.00
-999	1693423220	3600		258.48		         0		-999.00
-999	1693426820	3600		258.23		         0		-999.00
-999	1693430420	3600		258.46		         0		-999.00
-999	1693434020	3600		258.40		         0		-999.00
-999	1693437620	3600		258.44		         0		-999.00
-999	1693441220	3600		258.39		         0		-999.00
-999	1693444820	3600		258.45		         0		-999.00
-999	1693448420	3600		258.38		         0		-999.00
-999	1693452020	3600		258.38		         0		-999.00
-999	1693455620	3600		258.40		         0		-999.00
-999	1693459220	3600		258.40		         0		-999.00
-999	1693462820	3600		258.38		         0		-999.00
-999	1693466420	3600		258.43		         0		-999.00
-999	1693470020	3600		258.43		         0		-999.00
-999	1693473620	3600		258.39		         0		-999.00
-999	1693477220	3600		258.39		         0		-999.00
-999	1693480820	3600		258.39		         0		-999.00
-999	1693484420	3600		261.57		         0		-999.00
-999	1693488020	3600		261.68		         0		-999.00
-999	1693491620	3600		261.68		         0		-999.00
-999	1693495220	3600		261.52		         0		-999.00
-999	1693498820	3600		258.23		         0		-999.00
-999	1693502420	3600		258.43		         0		-999.00
-999	1693506020	3600		258.44		         0		-999.00
-999	1693509620	3600		258.39		         0		-999.00
-999	1693513220	3600		258.45		         0		-999.00
-999	1693516820	3600		258.39		         0		-999.00
-999	1693520420	3600		258.36		         0		-999.00
-999	1693524020	3600		258.42		         0		-999.00
-999	1693527620	3600		258.43		         0		-999.00
-999	1693531220	3600		258.43		         0		-999.00
-999	1693534820	3600		258.39		         0		-999.00
-999	1693538420	3600		258.47		         0		-999.00
-999	1693542020	3600		258.42		         0		-999.00
-999	1693545620	3600		258.40		         0		-999.00
-999	1693549220	3600		258.46		         0		-999.00
-999	1689541220	-4008000		258.84		         0		-999.00
9095	1693551832	1200		261.48		      2471		779.50
9095	1693552464	632		261.48		      2382		776.50
