Fill	Timestamp [s]	Duration [s]	Temperature [K]	Fluence [n_eq/cm2/s]	Leakage_current [mA/cm2]
8637	1682090281	1200		261.65		    132067		423.50
8637	1682093881	3600		261.15		    200096		379.50
8637	1682097481	3600		261.60		    226602		421.00
8637	1682101081	3600		261.48		    230612		408.00
8637	1682104681	3600		261.64		    229673		429.00
8637	1682108281	3600		261.57		    232250		419.00
8637	1682111881	3600		261.63		    228442		421.00
8637	1682115481	3600		261.57		    215480		420.50
8637	1682116313	832		261.57		    197451		417.00
-999	1682117513	1200		258.35		         0		-999.00
-999	1682121113	3600		258.52		         0		-999.00
-999	1682124713	3600		258.46		         0		-999.00
-999	1682116313	-8400		258.56		         0		-999.00
8639	1682128506	1200		261.62		    482365		421.50
8639	1682132106	3600		261.63		    832202		422.50
8639	1682135706	3600		261.64		    897274		416.50
8639	1682139306	3600		261.59		    904144		422.00
8639	1682142906	3600		261.60		    876073		422.50
8639	1682146506	3600		261.67		    804162		424.50
8639	1682150106	3600		261.65		    735868		423.50
8639	1682153706	3600		261.65		    606775		419.00
8639	1682157306	3600		261.65		    564689		423.50
8639	1682160906	3600		261.66		    541813		420.00
8639	1682164506	3600		261.61		    504459		423.00
8639	1682168106	3600		258.41		    405914		  9.50
8639	1682169013	907		261.81		         0		430.00
-999	1682170213	1200		258.25		         0		-999.00
-999	1682173813	3600		258.50		         0		-999.00
-999	1682177413	3600		258.47		         0		-999.00
-999	1682181013	3600		258.49		         0		-999.00
-999	1682184613	3600		258.48		         0		-999.00
-999	1682169013	-15600		258.64		         0		-999.00
8642	1682189336	1200		261.78		   4531828		423.00
8642	1682192936	3600		261.89		   6586589		428.50
8642	1682196536	3600		261.84		   6503300		424.50
8642	1682200136	3600		261.84		   6399450		424.00
8642	1682203736	3600		261.84		   6630891		426.00
8642	1682207336	3600		261.84		   6595468		426.00
8642	1682210936	3600		261.85		   6713058		424.00
8642	1682214536	3600		261.71		   6649899		409.00
8642	1682218136	3600		261.82		   6161844		425.00
8642	1682219904	1768		258.39		   6272696		  9.50
-999	1682221104	1200		258.43		         0		-999.00
-999	1682224704	3600		258.43		         0		-999.00
-999	1682228304	3600		258.30		         0		-999.00
-999	1682231904	3600		258.39		         0		-999.00
-999	1682235504	3600		258.46		         0		-999.00
-999	1682239104	3600		258.46		         0		-999.00
-999	1682242704	3600		258.45		         0		-999.00
-999	1682219904	-22800		258.34		         0		-999.00
8644	1682244555	1200		261.77		   4813964		426.50
8644	1682248155	3600		261.82		   7005319		427.00
8644	1682251755	3600		261.87		   8591941		426.00
8644	1682255355	3600		261.75		   8554230		410.00
8644	1682258955	3600		261.84		   7603152		427.50
8644	1682262555	3600		261.83		   7368562		426.50
8644	1682266155	3600		261.82		   6872337		426.50
8644	1682269755	3600		261.80		   6311725		425.50
8644	1682273355	3600		261.78		   5822787		427.00
8644	1682276955	3600		261.77		   5414936		428.00
8644	1682280555	3600		261.74		   4781750		424.00
8644	1682281515	960		261.75		   5020902		425.00
-999	1682282715	1200		258.38		         0		-999.00
-999	1682286315	3600		258.43		         0		-999.00
-999	1682281515	-4800		258.42		         0		-999.00
8645	1682290315	1200		261.80		   4411734		423.50
8645	1682293915	3600		261.82		   6661882		428.00
8645	1682297515	3600		261.94		   8521005		430.00
8645	1682301115	3600		261.88		   8551246		428.50
8645	1682304715	3600		261.86		   7988030		428.00
8645	1682308315	3600		261.86		   7449087		427.50
8645	1682311915	3600		261.79		   6862597		424.00
8645	1682315515	3600		261.78		   6428377		425.50
8645	1682319115	3600		261.76		   5967565		428.50
8645	1682322715	3600		261.75		   5590554		428.00
8645	1682326315	3600		261.74		   5281381		427.00
8645	1682327485	1170		261.70		   3758978		426.00
-999	1682328685	1200		258.37		         0		-999.00
-999	1682332285	3600		258.44		         0		-999.00
-999	1682335885	3600		258.40		         0		-999.00
-999	1682339485	3600		258.52		         0		-999.00
-999	1682343085	3600		258.46		         0		-999.00
-999	1682346685	3600		258.46		         0		-999.00
-999	1682350285	3600		258.46		         0		-999.00
-999	1682353885	3600		258.46		         0		-999.00
-999	1682357485	3600		258.46		         0		-999.00
-999	1682361085	3600		258.45		         0		-999.00
-999	1682364685	3600		258.45		         0		-999.00
-999	1682368285	3600		258.45		         0		-999.00
-999	1682371885	3600		258.47		         0		-999.00
-999	1682375485	3600		258.41		         0		-999.00
-999	1682379085	3600		258.43		         0		-999.00
-999	1682327485	-51600		258.47		         0		-999.00
8654	1682380928	1200		261.79		   5357901		427.00
8654	1682383198	2270		261.89		   6918788		428.50
-999	1682384398	1200		261.39		         0		-999.00
-999	1682387998	3600		261.51		         0		-999.00
-999	1682391598	3600		261.51		         0		-999.00
-999	1682395198	3600		261.51		         0		-999.00
-999	1682398798	3600		261.40		         0		-999.00
-999	1682402398	3600		258.50		         0		-999.00
-999	1682405998	3600		261.35		         0		-999.00
-999	1682409598	3600		261.57		         0		-999.00
-999	1682413198	3600		261.58		         0		-999.00
-999	1682416798	3600		261.58		         0		-999.00
-999	1682420398	3600		257.94		         0		-999.00
-999	1682423998	3600		255.59		         0		-999.00
-999	1682427598	3600		255.67		         0		-999.00
-999	1682431198	3600		262.34		         0		-999.00
-999	1682434798	3600		267.27		         0		-999.00
-999	1682438398	3600		267.21		         0		-999.00
-999	1682441998	3600		267.28		         0		-999.00
-999	1682445598	3600		267.38		         0		-999.00
-999	1682449198	3600		267.16		         0		-999.00
-999	1682452798	3600		267.16		         0		-999.00
-999	1682456398	3600		267.32		         0		-999.00
-999	1682459998	3600		267.33		         0		-999.00
-999	1682463598	3600		267.38		         0		-999.00
-999	1682467198	3600		267.04		         0		-999.00
-999	1682470798	3600		267.26		         0		-999.00
-999	1682474398	3600		267.26		         0		-999.00
-999	1682477998	3600		267.27		         0		-999.00
-999	1682481598	3600		267.27		         0		-999.00
-999	1682485198	3600		267.32		         0		-999.00
-999	1682488798	3600		267.33		         0		-999.00
-999	1682492398	3600		267.28		         0		-999.00
-999	1682495998	3600		267.38		         0		-999.00
-999	1682499598	3600		267.21		         0		-999.00
-999	1682503198	3600		267.16		         0		-999.00
-999	1682506798	3600		267.32		         0		-999.00
-999	1682510398	3600		267.27		         0		-999.00
-999	1682513998	3600		267.33		         0		-999.00
-999	1682517598	3600		267.33		         0		-999.00
-999	1682521198	3600		267.38		         0		-999.00
-999	1682524798	3600		267.09		         0		-999.00
-999	1682528398	3600		267.16		         0		-999.00
-999	1682531998	3600		267.27		         0		-999.00
-999	1682535598	3600		267.26		         0		-999.00
-999	1682539198	3600		267.32		         0		-999.00
-999	1682542798	3600		267.38		         0		-999.00
-999	1682546398	3600		267.33		         0		-999.00
-999	1682549998	3600		267.38		         0		-999.00
-999	1682553598	3600		267.18		         0		-999.00
-999	1682557198	3600		267.20		         0		-999.00
-999	1682560798	3600		267.29		         0		-999.00
-999	1682564398	3600		267.29		         0		-999.00
-999	1682567998	3600		267.30		         0		-999.00
-999	1682571598	3600		267.41		         0		-999.00
-999	1682575198	3600		267.31		         0		-999.00
-999	1682578798	3600		267.31		         0		-999.00
-999	1682582398	3600		267.25		         0		-999.00
-999	1682585998	3600		267.13		         0		-999.00
-999	1682589598	3600		267.29		         0		-999.00
-999	1682593198	3600		255.20		         0		-999.00
-999	1682596798	3600		258.51		         0		-999.00
-999	1682600398	3600		258.56		         0		-999.00
-999	1682603998	3600		258.56		         0		-999.00
-999	1682607598	3600		261.57		         0		-999.00
-999	1682611198	3600		258.38		         0		-999.00
-999	1682614798	3600		258.48		         0		-999.00
-999	1682618398	3600		258.29		         0		-999.00
-999	1682621998	3600		258.41		         0		-999.00
-999	1682383198	-238800		258.62		         0		-999.00
8675	1682626216	1200		262.09		  21518634		412.50
8675	1682629816	3600		263.15		  42772149		458.00
8675	1682633416	3600		262.92		  50390470		417.00
8675	1682637016	3600		263.33		  49401228		454.00
8675	1682640616	3600		263.37		  52697429		455.50
8675	1682644158	3542		263.27		  48507359		455.00
-999	1682645358	1200		261.58		         0		-999.00
-999	1682648958	3600		258.40		         0		-999.00
-999	1682652558	3600		261.61		         0		-999.00
-999	1682656158	3600		261.61		         0		-999.00
-999	1682659758	3600		261.68		         0		-999.00
-999	1682663358	3600		261.67		         0		-999.00
-999	1682666958	3600		258.44		         0		-999.00
-999	1682670558	3600		261.52		         0		-999.00
-999	1682674158	3600		258.41		         0		-999.00
-999	1682677758	3600		258.42		         0		-999.00
-999	1682681358	3600		258.43		         0		-999.00
-999	1682684958	3600		258.50		         0		-999.00
-999	1682688558	3600		258.46		         0		-999.00
-999	1682692158	3600		258.50		         0		-999.00
-999	1682695758	3600		258.38		         0		-999.00
-999	1682699358	3600		258.45		         0		-999.00
-999	1682702958	3600		258.33		         0		-999.00
-999	1682706558	3600		258.39		         0		-999.00
-999	1682710158	3600		258.27		         0		-999.00
-999	1682713758	3600		258.38		         0		-999.00
-999	1682717358	3600		261.48		         0		-999.00
-999	1682720958	3600		261.55		         0		-999.00
-999	1682724558	3600		261.56		         0		-999.00
-999	1682728158	3600		261.55		         0		-999.00
-999	1682731758	3600		261.55		         0		-999.00
-999	1682735358	3600		261.55		         0		-999.00
-999	1682738958	3600		258.27		         0		-999.00
-999	1682742558	3600		258.38		         0		-999.00
-999	1682746158	3600		258.34		         0		-999.00
-999	1682644158	-102000		258.81		         0		-999.00
8685	1682748199	1200		262.20		  22218380		424.00
8685	1682751799	3600		262.46		  35453198		413.00
8685	1682755399	3600		263.43		  55613718		454.50
8685	1682758999	3600		263.00		  53639971		414.00
8685	1682762599	3600		262.85		  34986083		456.00
8685	1682766199	3600		263.14		  46368081		450.50
8685	1682769799	3600		263.03		  42842010		451.50
8685	1682773399	3600		262.93		  40495445		452.00
8685	1682776351	2952		262.79		  34896084		449.50
-999	1682777551	1200		258.15		         0		-999.00
-999	1682781151	3600		258.43		         0		-999.00
-999	1682784751	3600		258.43		         0		-999.00
-999	1682776351	-8400		258.41		         0		-999.00
8686	1682786191	1200		262.33		  22641468		442.00
8686	1682789791	3600		263.14		  43977558		461.00
8686	1682793391	3600		263.58		  58475256		459.50
8686	1682796991	3600		262.83		  40341870		451.00
8686	1682800591	3600		263.40		  52973711		456.50
8686	1682804191	3600		263.21		  48596411		455.50
8686	1682807791	3600		263.15		  44516891		457.00
8686	1682811391	3600		263.06		  41540436		458.00
8686	1682814991	3600		262.92		  38504900		456.50
8686	1682816475	1484		262.71		  29945567		454.00
-999	1682817675	1200		261.21		         0		-999.00
-999	1682821275	3600		261.48		         0		-999.00
-999	1682824875	3600		261.45		         0		-999.00
-999	1682828475	3600		261.45		         0		-999.00
-999	1682832075	3600		261.45		         0		-999.00
-999	1682835675	3600		261.46		         0		-999.00
-999	1682816475	-19200		261.50		         0		-999.00
8690	1682838939	1200		262.64		  30207385		447.50
8690	1682842539	3600		263.32		  47315631		467.00
8690	1682846139	3600		263.65		  57269238		468.50
8690	1682849739	3600		263.44		  57457347		457.50
8690	1682853339	3600		262.81		  31741273		457.50
8690	1682856939	3600		263.04		  39648166		462.00
8690	1682860539	3600		263.28		  47649511		460.50
8690	1682864139	3600		263.18		  44357173		460.50
8690	1682864351	212		263.01		  43122405		265.50
-999	1682865551	1200		258.02		         0		-999.00
-999	1682869151	3600		258.47		         0		-999.00
-999	1682864351	-4800		258.50		         0		-999.00
8691	1682873042	1200		262.91		  36303136		457.00
8691	1682876642	3600		263.55		  55719609		468.00
8691	1682880242	3600		263.60		  58340538		470.50
8691	1682883842	3600		263.30		  48986868		468.50
8691	1682885458	1616		263.65		  58750159		468.50
-999	1682886658	1200		261.19		         0		-999.00
-999	1682890258	3600		258.40		         0		-999.00
-999	1682893858	3600		258.38		         0		-999.00
-999	1682885458	-8400		258.83		         0		-999.00
8692	1682896912	1200		262.91		  38616993		460.00
8692	1682899051	2139		263.49		  55802288		467.50
-999	1682900251	1200		261.72		         0		-999.00
-999	1682903851	3600		261.66		         0		-999.00
-999	1682907451	3600		261.66		         0		-999.00
-999	1682911051	3600		261.72		         0		-999.00
-999	1682914651	3600		261.67		         0		-999.00
-999	1682918251	3600		258.72		         0		-999.00
-999	1682921851	3600		258.45		         0		-999.00
-999	1682925451	3600		258.46		         0		-999.00
-999	1682929051	3600		258.51		         0		-999.00
-999	1682932651	3600		258.50		         0		-999.00
-999	1682899051	-33600		258.81		         0		-999.00
8695	1682933984	1200		263.78		  64085401		473.00
8695	1682937584	3600		265.43		 105628089		517.50
8695	1682941184	3600		265.44		 134915983		438.00
8695	1682944784	3600		265.49		 111850960		513.00
8695	1682948384	3600		265.75		 120588759		510.50
8695	1682951984	3600		265.46		 111460928		509.50
8695	1682955584	3600		265.21		 104436590		510.00
8695	1682959184	3600		264.94		  96827410		505.00
8695	1682961557	2373		263.87		  68888662		493.00
-999	1682962757	1200		261.56		         0		-999.00
-999	1682966357	3600		261.47		         0		-999.00
-999	1682969957	3600		261.50		         0		-999.00
-999	1682961557	-8400		261.47		         0		-999.00
8696	1682973309	1200		264.02		  70974353		486.00
8696	1682976909	3600		266.03		 124707798		536.00
8696	1682980509	3600		266.03		 126631938		533.50
8696	1682984109	3600		266.36		 139037790		529.50
8696	1682987709	3600		265.94		 127204949		524.00
8696	1682991309	3600		265.65		 117629738		521.50
8696	1682994909	3600		265.43		 110108635		522.50
8696	1682998509	3600		265.13		 102074738		518.50
8696	1683002109	3600		264.89		  96205259		512.00
8696	1683005709	3600		264.73		  89742998		512.00
8696	1683009309	3600		264.59		  85090700		510.50
8696	1683012909	3600		264.29		  76971211		503.50
8696	1683013403	494		264.00		  67328874		504.00
