Fill	Timestamp [s]	Duration [s]	Temperature [K]	Fluence [n_eq/cm2/s]	Leakage_current [mA/cm2]
6868	1530346365	1200		264.15		     77099		1121.00
6868	1530349965	3600		264.32		     94335		1123.00
6868	1530353565	3600		264.31		     56920		1125.00
6868	1530357165	3600		264.31		     31170		1161.00
6868	1530360765	3600		264.31		     48077		1117.00
6868	1530364365	3600		255.80		     78627		  0.00
6868	1530367965	3600		255.80		    100850		  0.00
6868	1530371565	3600		263.95		     99819		1104.00
6868	1530375165	3600		263.95		    101257		1040.00
6868	1530378765	3600		255.84		    101513		  0.00
6868	1530382365	3600		255.84		     99383		  0.00
6868	1530385965	3600		255.84		     99578		  0.00
6868	1530389565	3600		263.99		    101218		1119.00
6868	1530393165	3600		264.32		     47414		1151.00
6868	1530396765	3600		264.32		     51699		1193.00
6868	1530400365	3600		264.32		     24186		1129.00
6868	1530403965	3600		264.32		     44593		1212.00
6868	1530407565	3600		264.15		     54117		1086.00
6868	1530411165	3600		264.16		     71554		1119.00
6868	1530414765	3600		264.16		     84624		1117.00
6868	1530418365	3600		264.33		     66185		1191.00
6868	1530421965	3600		264.32		     46773		1192.00
6868	1530423984	2019		264.16		     91252		1091.00
-999	1530425184	1200		260.98		         0		-999.00
-999	1530428784	3600		261.15		         0		-999.00
-999	1530432384	3600		261.15		         0		-999.00
-999	1530435984	3600		261.15		         0		-999.00
-999	1530439584	3600		261.15		         0		-999.00
-999	1530443184	3600		260.98		         0		-999.00
-999	1530446784	3600		261.15		         0		-999.00
-999	1530450384	3600		261.15		         0		-999.00
-999	1530453984	3600		261.15		         0		-999.00
-999	1530457584	3600		261.15		         0		-999.00
-999	1530461184	3600		261.15		         0		-999.00
-999	1530464784	3600		260.98		         0		-999.00
-999	1530468384	3600		260.98		         0		-999.00
-999	1530471984	3600		261.15		         0		-999.00
-999	1530475584	3600		261.15		         0		-999.00
-999	1530479184	3600		261.15		         0		-999.00
-999	1530480394	1210		261.32		         0		-999.00
-999	1530482621	1200		264.27		         0		-999.00
-999	1530486221	3600		261.27		         0		-999.00
-999	1530489821	3600		261.27		         0		-999.00
-999	1530493421	3600		261.10		         0		-999.00
-999	1530497021	3600		261.10		         0		-999.00
-999	1530500621	3600		261.10		         0		-999.00
-999	1530504221	3600		260.55		         0		-999.00
-999	1530507821	3600		261.07		         0		-999.00
-999	1530511421	3600		261.41		         0		-999.00
-999	1530511830	409		261.41		         0		-999.00
6877	1530513030	1200		263.90		     46982		1045.00
6877	1530516630	3600		264.41		     39184		1124.00
6877	1530520230	3600		264.24		     40149		1121.00
6877	1530520583	353		264.24		     34022		1121.00
-999	1530521783	1200		261.07		         0		-999.00
-999	1530525383	3600		261.04		         0		-999.00
-999	1530528983	3600		261.04		         0		-999.00
-999	1530532583	3600		261.04		         0		-999.00
-999	1530535650	3067		261.21		         0		-999.00
6879	1530536850	1200		264.22		     85229		1111.00
6879	1530540450	3600		264.04		    118352		1108.00
6879	1530544050	3600		264.04		    108255		1122.00
6879	1530545455	1405		261.21		    104918		 11.00
-999	1530546655	1200		261.04		         0		-999.00
-999	1530550255	3600		261.04		         0		-999.00
-999	1530553855	3600		264.04		         0		-999.00
-999	1530557455	3600		264.38		         0		-999.00
-999	1530561055	3600		264.38		         0		-999.00
-999	1530564655	3600		261.01		         0		-999.00
-999	1530568255	3600		261.18		         0		-999.00
-999	1530571855	3600		261.18		         0		-999.00
-999	1530575455	3600		261.01		         0		-999.00
-999	1530579055	3600		261.01		         0		-999.00
-999	1530582655	3600		261.18		         0		-999.00
-999	1530586255	3600		261.18		         0		-999.00
-999	1530587294	1039		261.18		         0		-999.00
6881	1530588494	1200		264.19		    204111		1114.00
6881	1530592094	3600		264.19		    268938		1120.00
6881	1530595694	3600		264.19		    245083		1116.00
6881	1530599294	3600		264.19		    230975		1113.00
6881	1530602894	3600		264.19		    210698		1120.00
6881	1530606494	3600		264.19		    201527		1118.00
6881	1530610094	3600		264.19		    190234		1117.00
6881	1530610131	37		264.19		    215974		1117.00
-999	1530611331	1200		264.36		         0		-999.00
-999	1530614931	3600		260.96		         0		-999.00
-999	1530618531	3600		260.96		         0		-999.00
-999	1530622131	3600		261.13		         0		-999.00
-999	1530625731	3600		261.13		         0		-999.00
-999	1530626054	323		261.13		         0		-999.00
6882	1530627254	1200		264.14		    193387		1111.00
6882	1530630854	3600		264.14		    257489		1122.00
6882	1530634454	3600		264.14		    236106		1117.00
6882	1530638054	3600		264.14		    219797		1120.00
6882	1530641654	3600		264.14		    210515		1111.00
6882	1530645254	3600		264.14		    198274		1121.00
6882	1530648854	3600		264.14		    190598		1120.00
6882	1530652454	3600		264.14		    181416		1119.00
6882	1530656054	3600		264.14		    176346		1117.00
6882	1530659654	3600		264.14		    170721		1114.00
6882	1530663254	3600		264.13		    164567		1116.00
6882	1530666854	3600		264.13		    161071		1117.00
6882	1530670454	3600		264.13		    156455		1115.00
6882	1530674054	3600		264.13		    154070		1113.00
6882	1530677654	3600		264.13		    149803		1115.00
6882	1530680056	2402		264.13		    127460		1115.00
-999	1530681256	1200		260.96		         0		-999.00
-999	1530684856	3600		260.77		         0		-999.00
-999	1530688456	3600		261.11		         0		-999.00
-999	1530692056	3600		261.11		         0		-999.00
-999	1530692443	387		261.11		         0		-999.00
6884	1530693643	1200		264.12		    125736		1119.00
6884	1530697243	3600		264.13		    170239		1116.00
6884	1530700498	3255		264.12		    162088		1115.00
-999	1530701698	1200		260.95		         0		-999.00
-999	1530705298	3600		261.12		         0		-999.00
-999	1530708898	3600		261.12		         0		-999.00
-999	1530712498	3600		261.12		         0		-999.00
-999	1530716098	3600		261.12		         0		-999.00
-999	1530719698	3600		261.12		         0		-999.00
-999	1530723298	3600		261.12		         0		-999.00
-999	1530726898	3600		261.12		         0		-999.00
-999	1530728000	1102		261.12		         0		-999.00
6885	1530729200	1200		264.30		    311426		1120.00
6885	1530732800	3600		264.13		    309322		1110.00
6885	1530735623	2823		264.13		    317931		1117.00
-999	1530736823	1200		264.29		         0		-999.00
-999	1530740423	3600		264.29		         0		-999.00
-999	1530744023	3600		264.29		         0		-999.00
-999	1530747623	3600		264.29		         0		-999.00
-999	1530751223	3600		264.29		         0		-999.00
-999	1530754823	3600		261.29		         0		-999.00
-999	1530758423	3600		261.10		         0		-999.00
-999	1530762023	3600		261.10		         0		-999.00
-999	1530765623	3600		264.62		         0		-999.00
-999	1530769223	3600		264.45		         0		-999.00
-999	1530772823	3600		264.45		         0		-999.00
-999	1530776423	3600		260.94		         0		-999.00
-999	1530780023	3600		261.10		         0		-999.00
-999	1530783623	3600		261.27		         0		-999.00
-999	1530785343	1720		261.27		         0		-999.00
6890	1530786543	1200		264.28		    349111		1115.00
6890	1530790143	3600		264.12		    432993		1121.00
6890	1530793743	3600		264.12		    419188		1112.00
6890	1530797343	3600		264.12		    406245		1112.00
6890	1530800943	3600		264.12		    400475		1103.00
6890	1530804543	3600		264.12		    390998		1113.00
6890	1530808143	3600		264.11		    385586		1116.00
6890	1530811743	3600		264.12		    396789		1114.00
6890	1530815343	3600		264.11		    379709		1113.00
6890	1530818943	3600		264.11		    376801		1113.00
6890	1530822543	3600		264.11		    374166		1106.00
6890	1530826143	3600		264.11		    369323		1111.00
6890	1530829743	3600		264.11		    369666		1112.00
6890	1530833343	3600		263.94		    367882		1032.00
6890	1530836943	3600		264.11		    366415		1112.00
6890	1530840543	3600		264.11		    362743		1111.00
6890	1530844143	3600		263.94		    363940		1102.00
6890	1530847743	3600		264.11		    360531		1108.00
6890	1530851343	3600		264.11		    361810		1116.00
6890	1530854943	3600		264.11		    360567		1111.00
6890	1530858543	3600		264.11		    357147		1110.00
6890	1530862143	3600		264.11		    358358		1116.00
6890	1530865743	3600		264.11		    354917		1061.00
6890	1530867678	1935		264.11		    364476		1116.00
-999	1530868878	1200		260.93		         0		-999.00
-999	1530872478	3600		260.93		         0		-999.00
-999	1530876078	3600		260.91		         0		-999.00
-999	1530879678	3600		261.25		         0		-999.00
-999	1530879802	124		261.25		         0		-999.00
6891	1530881002	1200		264.10		    521030		1121.00
6891	1530884602	3600		264.10		    728017		1112.00
6891	1530888202	3600		264.09		    401856		1113.00
6891	1530891802	3600		264.09		    376083		1114.00
6891	1530895402	3600		264.09		    363551		1110.00
6891	1530899002	3600		264.09		    355706		1109.00
6891	1530902602	3600		264.09		    347865		1111.00
6891	1530906202	3600		264.09		    338575		1114.00
6891	1530906619	417		264.09		    333626		1111.00
-999	1530907819	1200		264.27		         0		-999.00
-999	1530911419	3600		261.09		         0		-999.00
-999	1530915019	3600		261.27		         0		-999.00
-999	1530916923	1904		261.27		         0		-999.00
6892	1530918123	1200		264.11		    439368		1113.00
6892	1530921723	3600		264.11		    422633		1111.00
6892	1530925323	3600		264.11		    446510		1112.00
6892	1530928923	3600		264.11		    465500		1111.00
6892	1530932523	3600		264.11		    446593		1113.00
6892	1530936123	3600		264.11		    435180		1114.00
6892	1530939723	3600		264.11		    423772		1110.00
6892	1530943323	3600		264.11		    407625		1111.00
6892	1530946923	3600		264.11		    395160		1109.00
6892	1530950523	3600		264.11		    385997		1108.00
6892	1530954123	3600		264.11		    381914		1106.00
6892	1530957723	3600		261.10		    369359		 11.00
6892	1530957741	18		261.10		    392058		 11.00
-999	1530958941	1200		261.10		         0		-999.00
-999	1530962541	3600		261.10		         0		-999.00
-999	1530966141	3600		261.10		         0		-999.00
-999	1530969741	3600		261.10		         0		-999.00
-999	1530973341	3600		261.10		         0		-999.00
-999	1530976941	3600		261.10		         0		-999.00
-999	1530980541	3600		264.28		         0		-999.00
-999	1530984141	3600		264.28		         0		-999.00
-999	1530987741	3600		264.28		         0		-999.00
-999	1530991341	3600		264.28		         0		-999.00
-999	1530994941	3600		261.11		         0		-999.00
-999	1530998541	3600		261.11		         0		-999.00
-999	1531002141	3600		261.11		         0		-999.00
-999	1531005741	3600		261.11		         0		-999.00
-999	1531008288	2547		261.11		         0		-999.00
6901	1531009488	1200		267.02		  85192744		1184.00
6901	1531013088	3600		267.03		  85665978		1217.00
6901	1531016688	3600		266.86		  79863275		1210.00
6901	1531020288	3600		266.69		  74396193		1203.00
6901	1531023888	3600		266.51		  68438440		1199.00
6901	1531027488	3600		266.36		  63468494		1195.00
6901	1531031088	3600		266.23		  59164517		1189.00
6901	1531034688	3600		266.11		  55122044		1188.00
6901	1531038288	3600		266.04		  52670451		1186.00
6901	1531041888	3600		265.93		  49088412		1184.00
6901	1531045488	3600		265.86		  46546131		1181.00
6901	1531049088	3600		265.77		  43728890		1177.00
6901	1531052688	3600		265.75		  42996916		1176.00
6901	1531056288	3600		265.73		  42257119		1177.00
6901	1531059613	3325		265.65		  39649486		1167.00
-999	1531060813	1200		264.29		         0		-999.00
-999	1531064413	3600		264.12		         0		-999.00
-999	1531068013	3600		264.12		         0		-999.00
-999	1531071613	3600		264.12		         0		-999.00
-999	1531072329	716		264.29		         0		-999.00
6904	1531073529	1200		271.86		 222658481		1386.00
6904	1531077129	3600		270.56		 196861762		1357.00
6904	1531080729	3600		271.00		 200112411		1366.00
6904	1531084329	3600		270.50		 183442101		1351.00
6904	1531087929	3600		269.85		 167930052		1328.00
6904	1531091529	3600		269.48		 155377981		1325.00
6904	1531092073	544		269.48		 155535279		1322.00
-999	1531093273	1200		264.13		         0		-999.00
-999	1531096873	3600		264.13		         0		-999.00
-999	1531100473	3600		264.13		         0		-999.00
-999	1531104073	3600		264.30		         0		-999.00
-999	1531107673	3600		264.30		         0		-999.00
-999	1531111273	3600		260.62		         0		-999.00
-999	1531114873	3600		261.13		         0		-999.00
-999	1531118473	3600		261.13		         0		-999.00
-999	1531122073	3600		261.13		         0		-999.00
-999	1531125673	3600		261.13		         0		-999.00
-999	1531129273	3600		261.13		         0		-999.00
-999	1531132873	3600		260.77		         0		-999.00
-999	1531136473	3600		260.75		         0		-999.00
-999	1531140073	3600		264.28		         0		-999.00
-999	1531143673	3600		264.28		         0		-999.00
-999	1531147273	3600		264.28		         0		-999.00
-999	1531150873	3600		264.28		         0		-999.00
-999	1531154473	3600		261.11		         0		-999.00
-999	1531158073	3600		261.11		         0		-999.00
-999	1531161673	3600		261.11		         0		-999.00
-999	1531162717	1044		261.28		         0		-999.00
6909	1531163917	1200		271.24		 203207667		1419.00
6909	1531167517	3600		271.38		 207933399		1372.00
6909	1531171117	3600		271.17		 200929971		1399.00
6909	1531174717	3600		271.27		 204464664		1393.00
6909	1531178317	3600		270.94		 193230662		1384.00
6909	1531181917	3600		270.56		 186166995		1375.00
6909	1531185517	3600		270.22		 174850607		1363.00
6909	1531189117	3600		269.98		 167055135		1363.00
6909	1531192717	3600		269.78		 160168932		1357.00
6909	1531196317	3600		269.41		 153870056		1328.00
6909	1531199917	3600		269.15		 145158512		1341.00
6909	1531203517	3600		268.98		 139403437		1332.00
6909	1531207117	3600		266.91		  93854275		1174.00
6909	1531210717	3600		264.24		   4714795		1169.00
6909	1531214317	3600		264.24		   4684828		1163.00
6909	1531217917	3600		264.24		   4699786		1163.00
6909	1531221517	3600		264.24		   4648736		1166.00
6909	1531225117	3600		264.24		   4667495		1164.00
6909	1531228717	3600		264.24		   4682886		1162.00
6909	1531232317	3600		264.24		   4648228		1159.00
6909	1531235917	3600		264.24		   4718744		1162.00
6909	1531239517	3600		264.24		   4681369		1161.00
6909	1531243117	3600		264.24		   4707519		1159.00
6909	1531246717	3600		264.24		   4650566		1159.00
6909	1531250317	3600		264.24		   4680371		1162.00
6909	1531253917	3600		264.24		   4655323		1163.00
6909	1531257517	3600		264.24		   4713973		1160.00
6909	1531261117	3600		264.07		   4682374		1076.00
6909	1531264717	3600		264.24		   4690269		1161.00
6909	1531268317	3600		264.24		   4657467		1160.00
6909	1531270951	2634		264.24		   4652424		1161.00
-999	1531272151	1200		264.10		         0		-999.00
-999	1531275751	3600		261.16		         0		-999.00
-999	1531279351	3600		261.16		         0		-999.00
-999	1531282951	3600		261.16		         0		-999.00
-999	1531286551	3600		261.16		         0		-999.00
-999	1531290151	3600		261.16		         0		-999.00
-999	1531292973	2822		261.16		         0		-999.00
6911	1531294173	1200		270.50		 180943148		1415.00
6911	1531297773	3600		264.78		  19490729		1155.00
6911	1531301373	3600		264.33		   4436949		1155.00
6911	1531304973	3600		264.33		   4415717		1157.00
6911	1531308573	3600		264.33		   4393437		1152.00
6911	1531312173	3600		264.33		   4401754		1152.00
6911	1531315773	3600		264.33		   4440754		1151.00
6911	1531319373	3600		264.33		   4419872		1155.00
6911	1531322973	3600		268.69		 132453434		1247.00
6911	1531326573	3600		269.88		 166522235		1361.00
6911	1531330173	3600		269.62		 157907733		1353.00
6911	1531330446	273		269.80		 163855139		1353.00
-999	1531331646	1200		264.00		         0		-999.00
-999	1531335246	3600		261.17		         0		-999.00
-999	1531338846	3600		261.17		         0		-999.00
-999	1531340789	1943		261.17		         0		-999.00
6912	1531341989	1200		270.51		 192741205		1401.00
6912	1531345589	3600		271.44		 212362932		1418.00
6912	1531349189	3600		271.03		 198766570		1416.00
6912	1531352789	3600		270.94		 195655884		1404.00
6912	1531356389	3600		270.61		 184806391		1395.00
6912	1531359989	3600		270.39		 177600711		1391.00
6912	1531363589	3600		270.15		 169419649		1393.00
6912	1531367189	3600		269.91		 161460984		1380.00
6912	1531370789	3600		269.73		 155469290		1373.00
6912	1531374389	3600		263.53		 147582127		 17.00
6912	1531377989	3600		268.88		 141892084		1350.00
6912	1531381589	3600		268.74		 137161657		1350.00
6912	1531385189	3600		268.56		 131381887		1349.00
6912	1531388789	3600		268.37		 125028951		1341.00
6912	1531389121	332		269.99		 178945283		1337.00
-999	1531390321	1200		264.11		         0		-999.00
-999	1531393921	3600		261.11		         0		-999.00
-999	1531397521	3600		261.06		         0		-999.00
-999	1531401121	3600		261.06		         0		-999.00
-999	1531404721	3600		261.06		         0		-999.00
-999	1531406363	1642		261.06		         0		-999.00
6913	1531407563	1200		264.06		         0		1109.00
6913	1531411163	3600		264.06		         0		1162.00
6913	1531414763	3600		261.06		    292595		 10.50
6913	1531414793	30		261.06		    742460		 10.50
-999	1531415993	1200		261.06		         0		-999.00
-999	1531419593	3600		261.21		         0		-999.00
-999	1531423193	3600		261.04		         0		-999.00
-999	1531426793	3600		261.04		         0		-999.00
-999	1531430393	3600		261.04		         0		-999.00
-999	1531433993	3600		261.04		         0		-999.00
-999	1531437593	3600		261.04		         0		-999.00
-999	1531441193	3600		261.04		         0		-999.00
-999	1531444793	3600		261.04		         0		-999.00
-999	1531448393	3600		261.04		         0		-999.00
-999	1531449741	1348		261.21		         0		-999.00
6919	1531450941	1200		270.85		 193400728		1465.00
6919	1531454541	3600		271.56		 211489464		1449.00
6919	1531458141	3600		271.26		 201653556		1433.00
6919	1531461741	3600		270.91		 189964583		1420.00
6919	1531465341	3600		270.59		 179304135		1418.00
6919	1531468941	3600		270.46		 174843955		1414.00
6919	1531472541	3600		270.18		 165692805		1401.00
6919	1531476141	3600		269.98		 158758849		1396.00
6919	1531479741	3600		269.73		 150565251		1390.00
6919	1531483341	3600		269.54		 144264101		1385.00
6919	1531486941	3600		269.38		 138869672		1379.00
6919	1531490541	3600		269.00		 131829413		1376.00
6919	1531494141	3600		268.85		 126795055		1376.00
6919	1531497741	3600		268.50		 120780115		1367.00
6919	1531501341	3600		268.36		 116217937		1361.00
6919	1531504941	3600		268.18		 110229400		1352.00
6919	1531508541	3600		268.05		 105818544		1349.00
6919	1531512141	3600		267.91		 101346994		1343.00
6919	1531515741	3600		267.76		  96078881		1337.00
6919	1531519341	3600		267.65		  92652199		1332.00
6919	1531522823	3482		267.02		  83937943		1309.00
