Fill	Timestamp [s]	Duration [s]	Temperature [K]	Fluence [n_eq/cm2/s]	Leakage_current [mA/cm2]
6592	1524339345	1200		264.10		    494382		579.00
6592	1524342945	3600		264.10		    395009		575.00
6592	1524346545	3600		264.10		    439786		574.00
6592	1524348606	2061		264.11		    505544		576.00
-999	1524349806	1200		261.09		         0		-999.00
-999	1524353406	3600		260.92		         0		-999.00
-999	1524357006	3600		261.09		         0		-999.00
-999	1524360606	3600		264.09		         0		-999.00
-999	1524364206	3600		264.09		         0		-999.00
-999	1524367806	3600		264.09		         0		-999.00
-999	1524371406	3600		263.92		         0		-999.00
-999	1524374961	3555		264.08		         0		-999.00
6594	1524376161	1200		265.00		  30472045		602.50
6594	1524379761	3600		265.06		  32666644		612.50
6594	1524383361	3600		264.98		  29745764		588.50
6594	1524386961	3600		264.92		  27910993		592.00
6594	1524390561	3600		264.85		  25651314		590.00
6594	1524394161	3600		264.81		  24143029		588.50
6594	1524397761	3600		264.75		  22225883		591.00
6594	1524401361	3600		264.71		  20741723		593.50
6594	1524404961	3600		264.68		  19799251		593.50
6594	1524408224	3263		264.62		  17834688		596.00
-999	1524409424	1200		261.08		         0		-999.00
-999	1524413024	3600		264.08		         0		-999.00
-999	1524416624	3600		260.74		         0		-999.00
-999	1524420224	3600		260.74		         0		-999.00
-999	1524420891	667		260.91		         0		-999.00
6595	1524422091	1200		264.96		  29371154		601.50
6595	1524425691	3600		265.00		  30521513		602.50
6595	1524429291	3600		264.93		  28166451		603.00
6595	1524432891	3600		264.19		   3557693		574.00
6595	1524436491	3600		264.09		    379020		582.00
6595	1524440091	3600		264.09		    385128		581.00
6595	1524443691	3600		264.48		  13266456		597.50
6595	1524447291	3600		264.77		  22947360		597.00
6595	1524450891	3600		264.72		  21241575		596.00
6595	1524453560	2669		264.72		  21333268		599.50
-999	1524454760	1200		255.91		         0		-999.00
-999	1524458360	3600		255.91		         0		-999.00
-999	1524461960	3600		255.91		         0		-999.00
-999	1524465560	3600		255.91		         0		-999.00
-999	1524469160	3600		255.91		         0		-999.00
-999	1524472760	3600		255.91		         0		-999.00
-999	1524476360	3600		255.91		         0		-999.00
-999	1524479960	3600		255.91		         0		-999.00
-999	1524483560	3600		255.91		         0		-999.00
-999	1524487160	3600		255.91		         0		-999.00
-999	1524490760	3600		255.91		         0		-999.00
-999	1524494360	3600		255.91		         0		-999.00
-999	1524497960	3600		255.91		         0		-999.00
-999	1524501560	3600		255.91		         0		-999.00
-999	1524505160	3600		255.91		         0		-999.00
-999	1524508760	3600		255.91		         0		-999.00
-999	1524512360	3600		255.91		         0		-999.00
-999	1524515960	3600		255.91		         0		-999.00
-999	1524519560	3600		255.91		         0		-999.00
-999	1524523160	3600		255.91		         0		-999.00
-999	1524526760	3600		255.91		         0		-999.00
-999	1524530360	3600		255.91		         0		-999.00
-999	1524533960	3600		255.91		         0		-999.00
-999	1524537560	3600		255.91		         0		-999.00
-999	1524541160	3600		255.91		         0		-999.00
-999	1524544760	3600		255.91		         0		-999.00
-999	1524548360	3600		255.91		         0		-999.00
-999	1524551960	3600		255.91		         0		-999.00
-999	1524555560	3600		255.91		         0		-999.00
-999	1524559160	3600		255.91		         0		-999.00
-999	1524562760	3600		255.91		         0		-999.00
-999	1524566360	3600		255.91		         0		-999.00
-999	1524569960	3600		261.04		         0		-999.00
-999	1524573560	3600		259.70		         0		-999.00
-999	1524577160	3600		261.76		         0		-999.00
-999	1524580760	3600		261.76		         0		-999.00
-999	1524584360	3600		261.59		         0		-999.00
-999	1524587960	3600		261.42		         0		-999.00
-999	1524591560	3600		261.08		         0		-999.00
-999	1524594926	3366		260.72		         0		-999.00
6611	1524596126	1200		265.13		  30042600		606.00
6611	1524599726	3600		265.18		  31402174		602.00
6611	1524603326	3600		265.11		  29102918		594.50
6611	1524606926	3600		265.05		  27276925		599.50
6611	1524610526	3600		264.99		  25163541		602.50
6611	1524614126	3600		264.95		  23885993		624.50
6611	1524617726	3600		264.90		  22274566		599.50
6611	1524621326	3600		264.85		  20694769		601.50
6611	1524624926	3600		264.79		  18545148		620.50
6611	1524628526	3600		264.79		  18530565		593.50
6611	1524632126	3600		261.23		  17544953		 13.00
6611	1524632893	767		261.23		  18218186		 13.00
-999	1524634093	1200		261.23		         0		-999.00
-999	1524637693	3600		261.23		         0		-999.00
-999	1524641293	3600		261.04		         0		-999.00
-999	1524644893	3600		260.87		         0		-999.00
-999	1524648493	3600		260.70		         0		-999.00
-999	1524651418	2925		260.71		         0		-999.00
6612	1524652618	1200		265.95		  57925591		630.00
6612	1524656218	3600		266.10		  62865910		624.50
6612	1524659818	3600		265.94		  57507887		624.50
6612	1524663418	3600		265.84		  53966344		613.50
6612	1524667018	3600		265.69		  49079782		617.50
6612	1524670618	3600		265.63		  47029768		618.50
6612	1524674218	3600		265.51		  43123478		612.50
6612	1524677818	3600		265.41		  39650145		613.00
6612	1524681418	3600		265.30		  36098771		610.50
6612	1524682360	942		265.36		  38241393		615.50
-999	1524683560	1200		264.05		         0		-999.00
-999	1524687160	3600		261.21		         0		-999.00
-999	1524690760	3600		261.21		         0		-999.00
-999	1524691431	671		260.87		         0		-999.00
6613	1524692631	1200		265.99		  59464380		635.50
6613	1524693036	405		265.90		  56559294		634.50
-999	1524694236	1200		264.21		         0		-999.00
-999	1524697836	3600		260.87		         0		-999.00
-999	1524699992	2156		260.87		         0		-999.00
6614	1524701192	1200		266.03		  60937841		636.50
6614	1524704792	3600		266.11		  63574047		633.50
6614	1524708392	3600		265.99		  59572037		631.50
6614	1524711992	3600		265.88		  55852684		629.00
6614	1524715592	3600		265.72		  50492417		627.00
6614	1524719192	3600		265.61		  46656109		624.50
6614	1524719201	9		264.21		         0		623.50
-999	1524720401	1200		264.21		         0		-999.00
-999	1524724001	3600		260.87		         0		-999.00
-999	1524727601	3600		264.21		         0		-999.00
-999	1524731201	3600		264.21		         0		-999.00
-999	1524734801	3600		258.81		         0		-999.00
-999	1524738401	3600		258.81		         0		-999.00
-999	1524742001	3600		258.81		         0		-999.00
-999	1524745601	3600		258.81		         0		-999.00
-999	1524749201	3600		264.34		         0		-999.00
-999	1524752801	3600		264.02		         0		-999.00
-999	1524756401	3600		264.18		         0		-999.00
-999	1524758045	1644		264.18		         0		-999.00
6615	1524759245	1200		261.35		  59206746		 13.00
6615	1524762845	3600		261.35		  62992713		 13.00
6615	1524766445	3600		266.11		  58700007		641.00
6615	1524770045	3600		265.99		  54561130		628.00
6615	1524773645	3600		265.85		  49930743		627.50
6615	1524776692	3047		265.69		  44518719		624.00
-999	1524777892	1200		264.34		         0		-999.00
-999	1524781492	3600		263.83		         0		-999.00
-999	1524785092	3600		263.83		         0		-999.00
-999	1524788692	3600		263.83		         0		-999.00
-999	1524789854	1162		263.65		         0		-999.00
6616	1524791054	1200		267.36		  95495158		674.00
6616	1524794654	3600		267.50		 100109902		663.00
6616	1524798254	3600		267.31		  93516529		658.50
6616	1524801854	3600		267.11		  87074688		657.00
6616	1524805454	3600		266.94		  81205671		655.00
6616	1524809054	3600		266.77		  75740780		651.00
6616	1524812654	3600		266.63		  70987597		646.50
6616	1524816254	3600		266.46		  65458888		646.50
6616	1524819854	3600		261.33		  60438518		 12.50
6616	1524820718	864		261.33		  69116861		 12.50
-999	1524821918	1200		261.16		         0		-999.00
-999	1524825518	3600		260.82		         0		-999.00
-999	1524829118	3600		260.97		         0		-999.00
-999	1524832718	3600		260.97		         0		-999.00
-999	1524832839	121		260.97		         0		-999.00
6617	1524834039	1200		267.25		  92191653		673.00
6617	1524837639	3600		267.39		  97039215		670.00
6617	1524841239	3600		267.15		  89008624		662.50
6617	1524844839	3600		266.95		  82087139		661.50
6617	1524848439	3600		266.75		  75519840		658.00
6617	1524852039	3600		266.64		  71863116		654.50
6617	1524855639	3600		266.53		  68229799		653.50
6617	1524859239	3600		266.39		  63699210		653.00
6617	1524862839	3600		266.26		  59259220		650.00
6617	1524864081	1242		265.81		  49937814		647.50
-999	1524865281	1200		261.14		         0		-999.00
-999	1524868881	3600		260.80		         0		-999.00
-999	1524872481	3600		261.14		         0		-999.00
-999	1524876081	3600		260.80		         0		-999.00
-999	1524877512	1431		260.81		         0		-999.00
6618	1524878712	1200		267.00		  89173847		679.00
6618	1524882312	3600		267.29		  93377053		675.00
6618	1524885912	3600		267.08		  86244213		671.50
6618	1524889512	3600		266.94		  81454124		667.00
6618	1524892123	2611		266.47		  71650896		661.50
-999	1524893323	1200		260.81		         0		-999.00
-999	1524896923	3600		261.15		         0		-999.00
-999	1524900523	3600		260.80		         0		-999.00
-999	1524904123	3600		260.80		         0		-999.00
-999	1524907723	3600		260.80		         0		-999.00
-999	1524911323	3600		260.80		         0		-999.00
-999	1524914923	3600		260.80		         0		-999.00
-999	1524918523	3600		260.80		         0		-999.00
-999	1524922123	3600		260.81		         0		-999.00
-999	1524925723	3600		260.81		         0		-999.00
-999	1524929323	3600		261.33		         0		-999.00
-999	1524932923	3600		260.99		         0		-999.00
-999	1524936523	3600		260.99		         0		-999.00
-999	1524936687	164		261.16		         0		-999.00
6620	1524937887	1200		268.21		 117918450		710.00
6620	1524941487	3600		268.40		 124173039		692.50
6620	1524945087	3600		268.02		 111661792		697.00
6620	1524948687	3600		267.98		 110126759		690.00
6620	1524952287	3600		267.68		 100199373		683.00
6620	1524955131	2844		267.55		  95792155		681.50
-999	1524956331	1200		264.13		         0		-999.00
-999	1524959931	3600		260.79		         0		-999.00
-999	1524963531	3600		261.30		         0		-999.00
-999	1524964619	1088		260.79		         0		-999.00
6621	1524965819	1200		267.86		 118741351		690.50
6621	1524969419	3600		268.50		 128735227		702.00
6621	1524973019	3600		268.14		 116813149		698.00
6621	1524976619	3600		267.86		 107450406		691.00
6621	1524980219	3600		267.40		  97659236		688.00
6621	1524983819	3600		267.23		  92050811		669.00
6621	1524987419	3600		267.08		  87083153		682.50
6621	1524991019	3600		266.89		  80566584		679.00
6621	1524994619	3600		266.69		  74035759		675.50
6621	1524998219	3600		266.56		  69546520		672.50
6621	1525001774	3555		266.20		  63470738		665.50
-999	1525002974	1200		260.79		         0		-999.00
-999	1525006574	3600		261.30		         0		-999.00
-999	1525010174	3600		260.79		         0		-999.00
-999	1525013774	3600		261.30		         0		-999.00
-999	1525017374	3600		260.79		         0		-999.00
-999	1525020974	3600		264.30		         0		-999.00
-999	1525024574	3600		260.79		         0		-999.00
-999	1525028174	3600		260.79		         0		-999.00
-999	1525031774	3600		260.79		         0		-999.00
-999	1525035374	3600		260.79		         0		-999.00
-999	1525038774	3400		260.79		         0		-999.00
6624	1525039974	1200		267.81		 111141663		713.50
6624	1525043574	3600		267.96		 115956159		701.50
6624	1525047174	3600		267.71		 107755333		703.50
6624	1525050774	3600		267.50		 100701492		696.50
6624	1525054374	3600		267.29		  93500908		693.00
6624	1525057974	3600		267.10		  87268285		689.50
6624	1525061574	3600		266.87		  79651885		686.00
6624	1525065174	3600		266.69		  73744271		686.00
6624	1525068774	3600		266.52		  68100921		682.00
6624	1525072374	3600		266.42		  64767601		681.50
6624	1525075974	3600		266.28		  60043077		682.00
6624	1525079089	3115		266.08		  58931271		679.50
-999	1525080289	1200		261.31		         0		-999.00
-999	1525083889	3600		260.80		         0		-999.00
-999	1525087489	3600		261.31		         0		-999.00
-999	1525091089	3600		261.14		         0		-999.00
-999	1525094689	3600		261.14		         0		-999.00
-999	1525098289	3600		260.80		         0		-999.00
-999	1525101889	3600		260.80		         0		-999.00
-999	1525105489	3600		260.80		         0		-999.00
-999	1525108047	2558		260.80		         0		-999.00
6628	1525109247	1200		269.06		 147418216		745.00
6628	1525112847	3600		269.17		 151152322		744.50
6628	1525116447	3600		268.89		 141608343		741.00
6628	1525120047	3600		268.59		 131538606		730.50
6628	1525123647	3600		268.24		 120149827		727.00
6628	1525127247	3600		268.00		 112049206		720.50
6628	1525130847	3600		267.76		 104010755		717.00
6628	1525134447	3600		267.52		  96159214		715.00
6628	1525138047	3600		267.32		  89244568		710.00
6628	1525141647	3600		267.13		  82846964		706.00
6628	1525145247	3600		266.98		  77913330		698.50
6628	1525148847	3600		266.88		  74655644		701.50
6628	1525151330	2483		261.28		  70790120		 12.50
-999	1525152530	1200		264.28		         0		-999.00
-999	1525156130	3600		260.94		         0		-999.00
-999	1525159730	3600		260.94		         0		-999.00
-999	1525162052	2322		261.28		         0		-999.00
6629	1525163252	1200		270.08		 175284937		790.00
6629	1525166852	3600		270.14		 182987255		786.00
6629	1525170452	3600		269.86		 173877935		775.50
6629	1525174052	3600		269.48		 160989710		754.00
6629	1525177652	3600		269.07		 147424418		761.00
6629	1525181252	3600		268.67		 134017318		754.00
6629	1525184852	3600		268.38		 124312433		747.50
6629	1525188452	3600		268.07		 114099789		740.50
6629	1525192052	3600		267.81		 105500994		738.00
6629	1525195652	3600		267.62		  99082760		734.50
6629	1525199252	3600		267.42		  92608143		731.00
6629	1525200188	936		267.26		  87220429		727.50
-999	1525201388	1200		264.31		         0		-999.00
-999	1525204988	3600		264.31		         0		-999.00
-999	1525208588	3600		260.80		         0		-999.00
-999	1525212188	3600		260.80		         0		-999.00
-999	1525215788	3600		264.31		         0		-999.00
-999	1525219388	3600		260.80		         0		-999.00
-999	1525222988	3600		260.80		         0		-999.00
-999	1525226588	3600		260.80		         0		-999.00
-999	1525226930	342		260.80		         0		-999.00
6633	1525228130	1200		269.76		 168092208		799.00
6633	1525229721	1591		270.27		 185084869		792.00
-999	1525230921	1200		264.20		         0		-999.00
-999	1525234521	3600		264.43		         0		-999.00
-999	1525238121	3600		260.20		         0		-999.00
-999	1525241721	3600		261.15		         0		-999.00
-999	1525245321	3600		260.97		         0		-999.00
-999	1525246903	1582		261.14		         0		-999.00
6636	1525248103	1200		269.84		 167227006		806.00
6636	1525251703	3600		270.35		 183961152		789.00
6636	1525255303	3600		269.77		 164936961		783.00
6636	1525256334	1031		269.69		 162105114		779.50
-999	1525257534	1200		264.45		         0		-999.00
-999	1525261134	3600		263.94		         0		-999.00
-999	1525264734	3600		260.94		         0		-999.00
-999	1525268334	3600		264.45		         0		-999.00
-999	1525271934	3600		264.45		         0		-999.00
-999	1525275534	3600		264.11		         0		-999.00
-999	1525279134	3600		260.25		         0		-999.00
-999	1525282734	3600		260.97		         0		-999.00
-999	1525286334	3600		260.97		         0		-999.00
-999	1525289432	3098		260.97		         0		-999.00
6638	1525290632	1200		270.22		 191156602		717.00
6638	1525294232	3600		270.80		 199035249		812.00
6638	1525297832	3600		270.55		 190675589		801.50
6638	1525301432	3600		270.06		 174453241		796.50
6638	1525305032	3600		269.59		 158865047		786.00
6638	1525308632	3600		269.22		 146414003		779.00
6638	1525312232	3600		268.49		 133555140		729.50
6638	1525315832	3600		268.21		 124358420		766.00
6638	1525319432	3600		267.92		 114580219		756.50
6638	1525323032	3600		267.64		 105109614		751.00
6638	1525326632	3600		267.40		  97379084		744.00
6638	1525330232	3600		267.15		  89003813		740.50
6638	1525333832	3600		267.19		  90058370		744.00
6638	1525337432	3600		266.90		  80627032		739.50
6638	1525341032	3600		261.48		  74817897		 13.00
6638	1525341071	39		261.48		  66704331		 13.00
-999	1525342271	1200		261.14		         0		-999.00
-999	1525345871	3600		261.31		         0		-999.00
-999	1525349471	3600		261.13		         0		-999.00
-999	1525352253	2782		260.96		         0		-999.00
6639	1525353453	1200		270.52		 189904592		851.50
6639	1525357053	3600		271.05		 201920722		839.00
6639	1525360653	3600		270.72		 190765268		820.50
6639	1525364253	3600		270.23		 174512813		810.00
6639	1525367853	3600		269.81		 160594672		803.50
6639	1525371453	3600		269.23		 146625235		797.50
6639	1525375053	3600		268.91		 136198624		790.50
6639	1525378653	3600		268.60		 125806729		783.50
6639	1525382253	3600		267.95		 115365957		780.00
6639	1525385853	3600		267.71		 107280654		774.00
6639	1525389453	3600		267.44		  98282825		766.50
6639	1525393053	3600		267.14		  88331693		772.00
6639	1525394989	1936		267.31		  94263825		772.00
-999	1525396189	1200		264.15		         0		-999.00
-999	1525399789	3600		260.96		         0		-999.00
-999	1525403389	3600		260.96		         0		-999.00
-999	1525406989	3600		260.96		         0		-999.00
-999	1525410589	3600		260.96		         0		-999.00
-999	1525414040	3451		260.80		         0		-999.00
6640	1525415240	1200		269.93		 170653253		837.00
6640	1525418840	3600		270.22		 180460509		828.00
6640	1525422440	3600		269.90		 169770340		817.50
6640	1525426040	3600		269.37		 152122269		805.00
6640	1525429640	3600		268.66		 139656300		794.50
6640	1525433240	3600		268.25		 125889534		791.50
6640	1525436840	3600		267.89		 113970316		781.00
6640	1525440440	3600		267.52		 101696232		776.00
6640	1525444040	3600		267.26		  92850221		769.00
6640	1525446994	2954		266.89		  80650302		756.50
-999	1525448194	1200		263.95		         0		-999.00
-999	1525451794	3600		261.46		         0		-999.00
-999	1525455250	3456		260.78		         0		-999.00
6641	1525456450	1200		271.56		 222981140		893.00
6641	1525460050	3600		271.64		 225427864		862.00
6641	1525463650	3600		271.17		 209916730		863.00
6641	1525467250	3600		270.67		 193301261		856.00
6641	1525470850	3600		270.42		 184766021		848.50
6641	1525474450	3600		269.95		 169245681		840.50
6641	1525478050	3600		269.48		 153673018		831.00
6641	1525480726	2676		269.21		 144702677		827.00
-999	1525481926	1200		263.97		         0		-999.00
-999	1525485526	3600		261.46		         0		-999.00
-999	1525489126	3600		261.46		         0		-999.00
-999	1525489628	502		261.46		         0		-999.00
6642	1525490828	1200		271.67		 222049411		904.50
6642	1525494428	3600		271.94		 230884791		877.00
6642	1525498028	3600		270.99		 199310908		862.00
6642	1525501628	3600		270.42		 180116089		855.50
6642	1525503557	1929		270.05		 168025752		848.50
-999	1525504757	1200		264.45		         0		-999.00
-999	1525508357	3600		264.24		         0		-999.00
-999	1525511957	3600		264.07		         0		-999.00
-999	1525514208	2251		264.24		         0		-999.00
6643	1525515408	1200		271.91		 232441151		919.00
6643	1525515661	253		271.55		 220528438		915.50
-999	1525516861	1200		264.06		         0		-999.00
-999	1525520461	3600		264.06		         0		-999.00
-999	1525524061	3600		263.72		         0		-999.00
-999	1525527661	3600		263.72		         0		-999.00
-999	1525528039	378		263.72		         0		-999.00
6645	1525529239	1200		271.74		 226583315		920.50
6645	1525532839	3600		272.25		 243503833		905.00
6645	1525534478	1639		271.90		 231932362		901.50
-999	1525535678	1200		264.20		         0		-999.00
-999	1525539278	3600		264.20		         0		-999.00
-999	1525542878	3600		264.20		         0		-999.00
-999	1525546478	3600		264.20		         0		-999.00
-999	1525550078	3600		264.20		         0		-999.00
-999	1525553678	3600		264.20		         0		-999.00
-999	1525557278	3600		264.20		         0		-999.00
-999	1525560878	3600		261.20		         0		-999.00
-999	1525564478	3600		261.48		         0		-999.00
-999	1525565957	1479		261.14		         0		-999.00
6646	1525567157	1200		271.75		 221991564		922.00
6646	1525570757	3600		272.29		 240067962		912.00
6646	1525572881	2124		271.90		 226849035		898.00
-999	1525574081	1200		264.17		         0		-999.00
-999	1525577681	3600		261.17		         0		-999.00
-999	1525581281	3600		261.17		         0		-999.00
-999	1525584881	3600		260.83		         0		-999.00
-999	1525588481	3600		260.82		         0		-999.00
-999	1525592081	3600		260.82		         0		-999.00
-999	1525595681	3600		260.82		         0		-999.00
-999	1525597558	1877		261.15		         0		-999.00
6648	1525598758	1200		271.33		 208915908		908.50
6648	1525602358	3600		271.75		 229877400		902.00
6648	1525605958	3600		271.13		 203477895		876.00
6648	1525609558	3600		270.16		 183082261		843.00
6648	1525613158	3600		269.64		 165870647		861.50
6648	1525616758	3600		269.44		 159159555		853.50
6648	1525620358	3600		269.04		 146021639		843.50
6648	1525623958	3600		268.68		 134050499		843.50
6648	1525627558	3600		268.36		 123055922		826.50
6648	1525631158	3600		268.01		 111432103		819.50
6648	1525634758	3600		267.74		 102516012		812.50
6648	1525638358	3600		267.46		  93270274		809.00
6648	1525641958	3600		267.42		  91748591		812.00
6648	1525644792	2834		266.89		  86148025		804.00
-999	1525645992	1200		264.14		         0		-999.00
-999	1525649592	3600		261.29		         0		-999.00
-999	1525653192	3600		264.29		         0		-999.00
-999	1525656792	3600		264.29		         0		-999.00
-999	1525660392	3600		264.29		         0		-999.00
-999	1525663992	3600		260.78		         0		-999.00
-999	1525667592	3600		260.78		         0		-999.00
-999	1525668846	1254		260.78		         0		-999.00
6650	1525670046	1200		271.24		 209559204		927.50
6650	1525673646	3600		271.39		 214495631		911.00
6650	1525677246	3600		271.02		 202343312		894.50
6650	1525680846	3600		270.44		 182793803		883.50
6650	1525684446	3600		269.82		 173626282		883.50
6650	1525688046	3600		269.47		 161953247		869.50
6650	1525691462	3416		269.11		 149929666		865.50
