Fill	Timestamp [s]	Duration [s]	Temperature [K]	Fluence [n_eq/cm2/s]	Leakage_current [mA/cm2]
6729	1527338670	1200		271.12		 202689048		1189.00
6729	1527342270	3600		271.48		 214819393		1169.00
6729	1527345870	3600		271.09		 201785026		1158.00
6729	1527349470	3600		270.61		 185893484		1143.00
6729	1527353070	3600		270.20		 172153571		1134.00
6729	1527356670	3600		269.80		 158918461		1118.00
6729	1527360270	3600		269.48		 148194639		1110.00
6729	1527363870	3600		269.00		 137631118		1105.00
6729	1527367470	3600		268.66		 126549600		1093.00
6729	1527371070	3600		268.43		 118614847		1083.00
6729	1527374670	3600		268.17		 110130254		1080.00
6729	1527378270	3600		268.19		 110884836		1080.00
6729	1527379580	1310		267.16		  88771757		1065.00
-999	1527380780	1200		264.14		         0		-999.00
-999	1527384380	3600		264.14		         0		-999.00
-999	1527387980	3600		264.14		         0		-999.00
-999	1527391580	3600		264.14		         0		-999.00
-999	1527395180	3600		264.14		         0		-999.00
-999	1527398780	3600		264.31		         0		-999.00
-999	1527402380	3600		264.31		         0		-999.00
-999	1527405980	3600		264.31		         0		-999.00
-999	1527409580	3600		264.31		         0		-999.00
-999	1527413180	3600		264.31		         0		-999.00
-999	1527416780	3600		264.31		         0		-999.00
-999	1527420380	3600		264.31		         0		-999.00
-999	1527423980	3600		264.31		         0		-999.00
-999	1527427580	3600		264.31		         0		-999.00
-999	1527431180	3600		264.31		         0		-999.00
-999	1527434780	3600		264.31		         0		-999.00
-999	1527438380	3600		260.97		         0		-999.00
-999	1527441980	3600		260.93		         0		-999.00
-999	1527444196	2216		261.27		         0		-999.00
6731	1527445396	1200		270.89		 203681434		1185.00
6731	1527448996	3600		271.63		 216873774		1181.00
6731	1527452596	3600		271.16		 201064442		1169.00
6731	1527455247	2651		270.72		 186420172		1156.00
-999	1527456447	1200		263.99		         0		-999.00
-999	1527460047	3600		260.82		         0		-999.00
-999	1527463647	3600		264.16		         0		-999.00
-999	1527467247	3600		261.16		         0		-999.00
-999	1527470847	3600		261.16		         0		-999.00
-999	1527471111	264		261.16		         0		-999.00
6733	1527472311	1200		270.69		 188705748		1202.00
6733	1527475911	3600		271.27		 207880381		1174.00
6733	1527479511	3600		270.36		 188963419		1156.00
6733	1527483111	3600		269.97		 175878224		1147.00
6733	1527486711	3600		269.52		 160807097		1133.00
6733	1527490311	3600		269.17		 149342040		1125.00
6733	1527491331	1020		268.83		 138026354		1126.00
-999	1527492531	1200		263.84		         0		-999.00
-999	1527496131	3600		261.01		         0		-999.00
-999	1527499731	3600		261.01		         0		-999.00
-999	1527503331	3600		260.84		         0		-999.00
-999	1527506931	3600		260.84		         0		-999.00
-999	1527510531	3600		261.18		         0		-999.00
-999	1527514131	3600		261.18		         0		-999.00
-999	1527517731	3600		261.18		         0		-999.00
-999	1527521331	3600		260.84		         0		-999.00
-999	1527524931	3600		261.18		         0		-999.00
-999	1527528531	3600		261.01		         0		-999.00
-999	1527532131	3600		261.01		         0		-999.00
-999	1527532773	642		261.18		         0		-999.00
-999	1527534651	1200		264.19		         0		-999.00
-999	1527538251	3600		261.02		         0		-999.00
-999	1527541851	3600		261.19		         0		-999.00
-999	1527541997	146		261.19		         0		-999.00
6738	1527543197	1200		271.20		 203957922		1206.00
6738	1527546797	3600		271.59		 217214667		1197.00
6738	1527550397	3600		270.79		 191085152		1189.00
6738	1527553997	3600		270.61		 185117555		1170.00
6738	1527557597	3600		270.13		 168897239		1151.00
6738	1527561197	3600		269.43		 157241126		1113.00
6738	1527564797	3600		269.07		 145161936		1129.00
6738	1527568397	3600		268.71		 133207815		1121.00
6738	1527571997	3600		268.44		 124337077		1111.00
6738	1527575597	3600		268.15		 114592881		1099.00
6738	1527579197	3600		267.92		 107021377		1096.00
6738	1527582797	3600		267.90		 106095463		1103.00
6738	1527585526	2729		267.29		  97409589		1087.00
-999	1527586726	1200		260.84		         0		-999.00
-999	1527590326	3600		260.90		         0		-999.00
-999	1527593926	3600		260.61		         0		-999.00
-999	1527597526	3600		260.95		         0		-999.00
-999	1527601126	3600		261.12		         0		-999.00
-999	1527604726	3600		261.12		         0		-999.00
-999	1527608326	3600		261.12		         0		-999.00
-999	1527611926	3600		261.12		         0		-999.00
-999	1527615526	3600		261.12		         0		-999.00
-999	1527619126	3600		261.12		         0		-999.00
-999	1527622726	3600		261.12		         0		-999.00
-999	1527626326	3600		261.12		         0		-999.00
-999	1527629926	3600		261.12		         0		-999.00
-999	1527633526	3600		261.12		         0		-999.00
-999	1527637126	3600		261.12		         0		-999.00
-999	1527640726	3600		261.12		         0		-999.00
-999	1527644326	3600		261.12		         0		-999.00
-999	1527647926	3600		261.12		         0		-999.00
-999	1527651526	3600		261.12		         0		-999.00
-999	1527655126	3600		264.29		         0		-999.00
-999	1527658726	3600		260.95		         0		-999.00
-999	1527662326	3600		260.95		         0		-999.00
-999	1527664472	2146		261.12		         0		-999.00
6741	1527665672	1200		270.86		 201901454		1196.00
6741	1527669272	3600		271.45		 215974606		1193.00
6741	1527672872	3600		270.97		 199871566		1185.00
6741	1527676472	3600		270.49		 183996308		1174.00
6741	1527680072	3600		270.05		 169167017		1164.00
6741	1527683672	3600		269.73		 158734615		1151.00
6741	1527687272	3600		269.36		 146335840		1142.00
6741	1527690872	3600		269.06		 136476186		1130.00
6741	1527694472	3600		268.74		 125818671		1123.00
6741	1527696790	2318		267.83		 107377332		1107.00
-999	1527697990	1200		261.10		         0		-999.00
-999	1527701590	3600		264.10		         0		-999.00
-999	1527705190	3600		260.91		         0		-999.00
-999	1527708790	3600		264.08		         0		-999.00
-999	1527712390	3600		264.25		         0		-999.00
-999	1527715990	3600		264.25		         0		-999.00
-999	1527719590	3600		264.25		         0		-999.00
-999	1527723190	3600		261.07		         0		-999.00
-999	1527726790	3600		261.24		         0		-999.00
-999	1527727278	488		261.24		         0		-999.00
6744	1527728478	1200		270.75		 194367753		1219.00
6744	1527732078	3600		271.25		 210934536		1203.00
6744	1527735678	3600		270.57		 188230965		1183.00
6744	1527739278	3600		270.33		 180161727		1181.00
6744	1527739555	277		270.29		 178920211		1185.00
-999	1527740755	1200		263.90		         0		-999.00
-999	1527744355	3600		263.90		         0		-999.00
-999	1527747955	3600		260.90		         0		-999.00
-999	1527751555	3600		260.90		         0		-999.00
-999	1527755155	3600		264.24		         0		-999.00
-999	1527758755	3600		264.24		         0		-999.00
-999	1527762355	3600		264.24		         0		-999.00
-999	1527765955	3600		260.89		         0		-999.00
-999	1527769555	3600		260.88		         0		-999.00
-999	1527773155	3600		260.88		         0		-999.00
-999	1527776755	3600		261.50		         0		-999.00
-999	1527779405	2650		261.50		         0		-999.00
6747	1527780605	1200		266.78		  82630878		1093.00
6747	1527784205	3600		266.94		  88075651		1075.00
6747	1527787805	3600		266.65		  78372835		1067.00
6747	1527790438	2633		266.32		  67482186		1060.00
-999	1527791638	1200		264.30		         0		-999.00
-999	1527795238	3600		264.13		         0		-999.00
-999	1527798838	3600		264.13		         0		-999.00
-999	1527802438	3600		264.13		         0		-999.00
-999	1527806038	3600		264.30		         0		-999.00
-999	1527809638	3600		260.95		         0		-999.00
-999	1527813238	3600		261.29		         0		-999.00
-999	1527814336	1098		261.29		         0		-999.00
6749	1527815536	1200		271.44		 211109906		1258.00
6749	1527819136	3600		271.78		 222504418		1216.00
6749	1527822736	3600		271.20		 203082569		1208.00
6749	1527826336	3600		270.73		 187321412		1196.00
6749	1527829936	3600		270.35		 174787960		1181.00
6749	1527833536	3600		269.54		 159566110		1159.00
6749	1527837136	3600		269.20		 148252464		1157.00
6749	1527840736	3600		268.83		 135753184		1144.00
6749	1527844336	3600		268.36		 125898207		1128.00
6749	1527847936	3600		267.99		 113530076		1118.00
6749	1527851536	3600		267.84		 108396712		1118.00
6749	1527855136	3600		267.64		 101919730		1116.00
6749	1527858736	3600		267.47		  95969080		1104.00
6749	1527862336	3600		266.72		  82468008		1097.00
6749	1527863535	1199		266.70		  81800196		1093.00
-999	1527864735	1200		260.91		         0		-999.00
-999	1527868335	3600		260.51		         0		-999.00
-999	1527871935	3600		261.22		         0		-999.00
-999	1527874885	2950		261.22		         0		-999.00
6751	1527876085	1200		271.24		 204294040		1265.00
6751	1527879685	3600		271.83		 223876002		1238.00
6751	1527883285	3600		271.03		 203044848		1221.00
6751	1527886885	3600		270.55		 187164971		1212.00
6751	1527890485	3600		270.09		 171914415		1185.00
6751	1527894085	3600		269.71		 159181972		1187.00
6751	1527897685	3600		269.30		 145425779		1170.00
6751	1527901285	3600		269.00		 135417095		1160.00
6751	1527904885	3600		268.67		 124283803		1149.00
6751	1527908485	3600		268.21		 114680550		1136.00
6751	1527912085	3600		267.90		 104584137		1138.00
6751	1527915685	3600		267.76		  99859414		1123.00
6751	1527919285	3600		267.61		  94806418		1122.00
6751	1527921017	1732		266.62		  78721895		1102.00
-999	1527922217	1200		264.26		         0		-999.00
-999	1527925817	3600		261.09		         0		-999.00
-999	1527929234	3417		261.28		         0		-999.00
6752	1527930434	1200		271.55		 213027719		1277.00
6752	1527934034	3600		271.89		 224348176		1267.00
6752	1527937634	3600		271.25		 208693992		1246.00
6752	1527941234	3600		270.65		 188739059		1231.00
6752	1527944428	3194		270.24		 175188362		1219.00
-999	1527945628	1200		264.06		         0		-999.00
-999	1527949228	3600		264.06		         0		-999.00
-999	1527952828	3600		264.06		         0		-999.00
-999	1527956428	3600		264.06		         0		-999.00
-999	1527960028	3600		264.06		         0		-999.00
-999	1527963628	3600		264.06		         0		-999.00
-999	1527967228	3600		264.23		         0		-999.00
-999	1527970828	3600		264.23		         0		-999.00
-999	1527974428	3600		264.23		         0		-999.00
-999	1527978028	3600		264.04		         0		-999.00
-999	1527981628	3600		264.21		         0		-999.00
-999	1527985228	3600		264.21		         0		-999.00
-999	1527988828	3600		264.21		         0		-999.00
-999	1527992428	3600		264.21		         0		-999.00
-999	1527996028	3600		264.21		         0		-999.00
-999	1527999628	3600		264.21		         0		-999.00
-999	1528003228	3600		264.21		         0		-999.00
-999	1528006828	3600		264.21		         0		-999.00
-999	1528010428	3600		264.21		         0		-999.00
-999	1528014028	3600		264.21		         0		-999.00
-999	1528017628	3600		264.21		         0		-999.00
-999	1528021228	3600		264.21		         0		-999.00
-999	1528024828	3600		261.20		         0		-999.00
-999	1528028428	3600		261.20		         0		-999.00
-999	1528032028	3600		261.20		         0		-999.00
-999	1528035628	3600		261.37		         0		-999.00
-999	1528036390	762		261.20		         0		-999.00
6755	1528037590	1200		271.18		 204501502		1272.00
6755	1528039694	2104		271.88		 228054500		1259.00
-999	1528040894	1200		264.00		         0		-999.00
-999	1528044494	3600		264.17		         0		-999.00
-999	1528048094	3600		264.17		         0		-999.00
-999	1528051694	3600		264.17		         0		-999.00
-999	1528055294	3600		264.17		         0		-999.00
-999	1528058894	3600		264.17		         0		-999.00
-999	1528062494	3600		264.34		         0		-999.00
-999	1528066094	3600		264.34		         0		-999.00
-999	1528069694	3600		261.00		         0		-999.00
-999	1528073294	3600		261.17		         0		-999.00
-999	1528075258	1964		261.17		         0		-999.00
6757	1528076458	1200		271.21		 200437582		1277.00
6757	1528080058	3600		271.70		 216744161		1253.00
6757	1528083658	3600		271.17		 199138496		1238.00
6757	1528087258	3600		270.67		 182310461		1220.00
6757	1528090858	3600		270.18		 166236335		1209.00
6757	1528094458	3600		269.83		 154536796		1195.00
6757	1528098058	3600		269.08		 140819448		1183.00
6757	1528101658	3600		268.76		 130262445		1172.00
6757	1528105258	3600		268.43		 119093374		1160.00
6757	1528108858	3600		268.15		 109640996		1154.00
6757	1528112458	3600		267.95		 103053456		1142.00
6757	1528116058	3600		267.74		  96141438		1140.00
6757	1528119658	3600		267.02		  84416311		1130.00
6757	1528121351	1693		260.97		  82044098		 12.50
-999	1528122551	1200		260.98		         0		-999.00
-999	1528126151	3600		260.98		         0		-999.00
-999	1528129751	3600		261.31		         0		-999.00
-999	1528133351	3600		264.31		         0		-999.00
-999	1528136951	3600		264.31		         0		-999.00
-999	1528140551	3600		260.80		         0		-999.00
-999	1528144151	3600		261.31		         0		-999.00
-999	1528145255	1104		261.31		         0		-999.00
6759	1528146455	1200		271.03		 196643067		1285.00
6759	1528150055	3600		271.56		 214208553		1271.00
6759	1528153655	3600		271.05		 197171398		1254.00
6759	1528157255	3600		270.59		 182054478		1235.00
6759	1528160855	3600		270.10		 165494679		1218.00
6759	1528164455	3600		269.73		 153096865		1196.00
6759	1528168055	3600		269.33		 139728301		1186.00
6759	1528171655	3600		268.83		 128915189		1189.00
6759	1528175255	3600		268.56		 119960111		1176.00
6759	1528178855	3600		268.17		 112706530		1174.00
6759	1528182455	3600		268.05		 108699036		1165.00
6759	1528186055	3600		267.75		  98717656		1159.00
6759	1528189655	3600		267.26		  88156030		1125.00
6759	1528191198	1543		261.10		  74973801		 12.50
-999	1528192398	1200		260.93		         0		-999.00
-999	1528195998	3600		260.90		         0		-999.00
-999	1528199598	3600		261.19		         0		-999.00
-999	1528203198	3600		261.19		         0		-999.00
-999	1528206798	3600		261.19		         0		-999.00
-999	1528210398	3600		261.19		         0		-999.00
-999	1528213998	3600		261.19		         0		-999.00
-999	1528215170	1172		261.19		         0		-999.00
6761	1528216370	1200		271.65		 218782629		1306.00
6761	1528219970	3600		270.88		 197982220		1302.00
6761	1528223570	3600		270.86		 191633497		1299.00
6761	1528227170	3600		270.39		 176085529		1284.00
6761	1528230770	3600		269.97		 162088706		1264.00
6761	1528234370	3600		269.25		 150006874		1203.00
6761	1528237970	3600		268.88		 137523936		1201.00
6761	1528241570	3600		268.59		 127737947		1191.00
6761	1528245170	3600		268.29		 117792300		1183.00
6761	1528248770	3600		268.07		 110679301		1182.00
6761	1528252370	3600		267.93		 105819812		1172.00
6761	1528253825	1455		266.85		  87116560		1155.00
-999	1528255025	1200		261.24		         0		-999.00
-999	1528258625	3600		260.72		         0		-999.00
-999	1528262225	3600		260.72		         0		-999.00
-999	1528265825	3600		260.91		         0		-999.00
-999	1528269425	3600		260.91		         0		-999.00
-999	1528273025	3600		261.25		         0		-999.00
-999	1528273399	374		261.25		         0		-999.00
6762	1528274599	1200		271.68		 218287620		1292.00
6762	1528278199	3600		271.24		 203160566		1289.00
6762	1528281799	3600		270.63		 193947556		1240.00
6762	1528285399	3600		270.03		 174148758		1249.00
6762	1528288999	3600		269.68		 162569222		1238.00
6762	1528292599	3600		269.29		 149296787		1225.00
6762	1528296199	3600		268.92		 137201320		1213.00
6762	1528299799	3600		268.70		 129614382		1205.00
6762	1528301921	2122		268.53		 123979379		1203.00
-999	1528303121	1200		260.79		         0		-999.00
-999	1528306721	3600		260.96		         0		-999.00
-999	1528310321	3600		264.13		         0		-999.00
-999	1528313921	3600		260.96		         0		-999.00
-999	1528317521	3600		260.96		         0		-999.00
-999	1528318263	742		261.30		         0		-999.00
6763	1528319463	1200		271.82		 220390161		1293.00
6763	1528323063	3600		271.27		 203223656		1320.00
6763	1528326663	3600		271.26		 202773070		1295.00
6763	1528330263	3600		270.87		 189870810		1283.00
6763	1528333863	3600		270.59		 180440996		1274.00
6763	1528337463	3600		270.28		 170320046		1265.00
6763	1528341063	3600		270.05		 162581420		1258.00
6763	1528344663	3600		269.74		 152292501		1249.00
6763	1528348263	3600		269.48		 143656825		1239.00
6763	1528351863	3600		268.86		 134286133		1229.00
6763	1528352082	219		268.51		 122530500		1231.00
-999	1528353282	1200		260.97		         0		-999.00
-999	1528356882	3600		260.97		         0		-999.00
-999	1528360482	3600		260.97		         0		-999.00
-999	1528364082	3600		260.97		         0		-999.00
-999	1528367682	3600		260.92		         0		-999.00
-999	1528371282	3600		261.26		         0		-999.00
-999	1528374882	3600		261.26		         0		-999.00
-999	1528378482	3600		260.58		         0		-999.00
-999	1528382082	3600		260.58		         0		-999.00
-999	1528385682	3600		264.09		         0		-999.00
-999	1528389282	3600		264.26		         0		-999.00
-999	1528392882	3600		264.26		         0		-999.00
-999	1528396482	3600		264.26		         0		-999.00
-999	1528400082	3600		264.26		         0		-999.00
-999	1528403682	3600		264.26		         0		-999.00
-999	1528407282	3600		264.26		         0		-999.00
-999	1528410882	3600		264.26		         0		-999.00
-999	1528414482	3600		264.26		         0		-999.00
-999	1528418082	3600		264.26		         0		-999.00
-999	1528421682	3600		260.91		         0		-999.00
-999	1528425282	3600		261.25		         0		-999.00
-999	1528428882	3600		261.25		         0		-999.00
-999	1528432482	3600		261.25		         0		-999.00
-999	1528434403	1921		261.25		         0		-999.00
6768	1528435603	1200		272.22		 235104894		1292.00
6768	1528439203	3600		271.35		 207076835		1317.00
6768	1528441298	2095		271.36		 207259629		1307.00
-999	1528442498	1200		263.88		         0		-999.00
-999	1528446098	3600		264.05		         0		-999.00
-999	1528449698	3600		264.22		         0		-999.00
-999	1528453298	3600		264.22		         0		-999.00
-999	1528456898	3600		264.22		         0		-999.00
-999	1528460498	3600		264.22		         0		-999.00
-999	1528464098	3600		264.22		         0		-999.00
-999	1528467698	3600		264.22		         0		-999.00
-999	1528471298	3600		264.22		         0		-999.00
-999	1528474898	3600		260.88		         0		-999.00
-999	1528478498	3600		260.77		         0		-999.00
-999	1528482098	3600		261.28		         0		-999.00
-999	1528483455	1357		261.28		         0		-999.00
6770	1528484655	1200		272.39		 239490696		1318.00
6770	1528488255	3600		271.64		 216980459		1313.00
6770	1528491855	3600		271.34		 206807172		1285.00
6770	1528495455	3600		270.82		 189606686		1289.00
6770	1528499055	3600		270.35		 174017159		1269.00
6770	1528502655	3600		269.97		 161280849		1260.00
6770	1528506255	3600		269.55		 147312299		1244.00
6770	1528509855	3600		269.00		 134701110		1224.00
6770	1528513455	3600		268.61		 121474234		1215.00
6770	1528517055	3600		268.34		 112399092		1206.00
6770	1528520655	3600		268.18		 107374989		1208.00
6770	1528524255	3600		267.76		  99006385		1190.00
6770	1528527855	3600		267.56		  92326784		1186.00
6770	1528530522	2667		266.64		  78984916		1176.00
-999	1528531722	1200		264.26		         0		-999.00
-999	1528535322	3600		264.09		         0		-999.00
-999	1528538922	3600		261.10		         0		-999.00
-999	1528542522	3600		260.90		         0		-999.00
-999	1528544802	2280		261.24		         0		-999.00
6772	1528546002	1200		271.75		 220607948		1329.00
6772	1528549602	3600		271.16		 203268631		1331.00
6772	1528553202	3600		270.89		 194105157		1304.00
6772	1528556802	3600		270.36		 176571349		1282.00
6772	1528560402	3600		269.98		 163874776		1275.00
6772	1528564002	3600		269.28		 151914471		1250.00
6772	1528567602	3600		268.98		 141917892		1254.00
6772	1528571202	3600		268.62		 129870452		1239.00
6772	1528574802	3600		268.29		 118702170		1227.00
6772	1528578402	3600		267.98		 108319201		1217.00
6772	1528582002	3600		267.84		 103933933		1215.00
6772	1528585602	3600		267.70		  99183164		1209.00
6772	1528589202	3600		267.47		  91561142		1206.00
6772	1528592802	3600		267.23		  83376837		1194.00
6772	1528596254	3452		266.56		  72708012		1185.00
-999	1528597454	1200		261.21		         0		-999.00
-999	1528601054	3600		261.02		         0		-999.00
-999	1528604654	3600		261.38		         0		-999.00
-999	1528604817	163		261.38		         0		-999.00
6773	1528606017	1200		271.45		 212624739		1339.00
6773	1528609617	3600		270.86		 193958377		1335.00
6773	1528613217	3600		270.66		 187230464		1319.00
6773	1528616817	3600		270.19		 171668449		1299.00
6773	1528620417	3600		269.81		 159051303		1287.00
6773	1528624017	3600		269.28		 146911117		1271.00
6773	1528627617	3600		268.89		 133752459		1255.00
6773	1528631217	3600		268.54		 122056913		1248.00
6773	1528634817	3600		268.28		 113564320		1237.00
6773	1528638417	3600		268.10		 107624923		1238.00
6773	1528642017	3600		267.94		 102112192		1225.00
6773	1528645617	3600		267.73		  95198303		1219.00
6773	1528649217	3600		267.50		  87709030		1215.00
6773	1528652363	3146		266.65		  77078422		1206.00
-999	1528653563	1200		261.00		         0		-999.00
-999	1528657163	3600		260.83		         0		-999.00
-999	1528660536	3373		261.35		         0		-999.00
6774	1528661736	1200		272.04		 226338361		1422.00
6774	1528665336	3600		271.35		 209277939		1411.00
6774	1528668936	3600		271.04		 199214115		1388.00
6774	1528672536	3600		270.59		 184227669		1364.00
6774	1528676136	3600		270.13		 168644862		1342.00
6774	1528679736	3600		269.79		 157418921		1350.00
6774	1528683336	3600		269.40		 144522589		1335.00
6774	1528686936	3600		268.84		 131286546		1318.00
6774	1528690536	3600		268.56		 122153136		1309.00
6774	1528694136	3600		267.95		 113494646		1302.00
6774	1528697736	3600		267.74		 106302804		1300.00
6774	1528701336	3600		267.63		 102746321		1285.00
6774	1528704936	3600		267.47		  97576313		1281.00
6774	1528708536	3600		267.20		  88363526		1262.00
6774	1528711358	2822		266.65		  76163679		1253.00
-999	1528712558	1200		261.03		         0		-999.00
-999	1528716158	3600		264.05		         0		-999.00
-999	1528719758	3600		264.39		         0		-999.00
-999	1528723358	3600		264.39		         0		-999.00
-999	1528726634	3276		264.22		         0		-999.00
6776	1528727834	1200		272.11		 227562578		1376.00
6776	1528731434	3600		271.32		 202913887		1360.00
6776	1528734189	2755		271.14		 197136846		1346.00
-999	1528735389	1200		264.00		         0		-999.00
-999	1528738989	3600		264.17		         0		-999.00
-999	1528742589	3600		264.17		         0		-999.00
-999	1528746189	3600		264.17		         0		-999.00
-999	1528749789	3600		261.00		         0		-999.00
-999	1528753389	3600		261.00		         0		-999.00
-999	1528754376	987		261.34		         0		-999.00
6778	1528755576	1200		272.37		 237552191		1410.00
6778	1528759176	3600		271.41		 207397389		1366.00
6778	1528762776	3600		271.38		 206352031		1366.00
6778	1528766376	3600		270.89		 189918469		1351.00
6778	1528769691	3315		269.69		 167850237		1312.00
