Fill	Timestamp [s]	Duration [s]	Temperature [K]	Fluence [n_eq/cm2/s]	Leakage_current [mA/cm2]
7256	1538611653	1200		269.68		 120778338		1279.00
7256	1538615253	3600		270.01		 131889987		1281.00
7256	1538618853	3600		269.68		 120740672		1279.00
7256	1538622453	3600		269.34		 110823650		1268.00
7256	1538626053	3600		269.09		 102436425		1269.00
7256	1538629653	3600		268.73		  93804171		1260.00
7256	1538633253	3600		268.56		  85492466		1257.00
7256	1538636853	3600		268.26		  79214944		1249.00
7256	1538640453	3600		267.96		  69191598		1246.00
7256	1538642668	2215		261.43		  67759358		 14.50
-999	1538643868	1200		261.17		         0		-999.00
-999	1538647468	3600		261.22		         0		-999.00
-999	1538651068	3600		265.37		         0		-999.00
-999	1538654668	3600		265.72		         0		-999.00
-999	1538658268	3600		265.75		         0		-999.00
-999	1538661868	3600		265.51		         0		-999.00
-999	1538665468	3600		265.73		         0		-999.00
-999	1538669068	3600		265.85		         0		-999.00
-999	1538672668	3600		265.96		         0		-999.00
-999	1538676268	3600		265.96		         0		-999.00
-999	1538679868	3600		261.69		         0		-999.00
-999	1538683468	3600		261.69		         0		-999.00
-999	1538684393	925		261.74		         0		-999.00
7259	1538685593	1200		269.70		 122642694		1288.00
7259	1538689193	3600		270.09		 134294150		1292.00
7259	1538692793	3600		269.74		 122905496		1288.00
7259	1538696393	3600		269.48		 114229191		1277.00
7259	1538699993	3600		269.13		 105130964		1275.00
7259	1538703593	3600		268.22		  96291861		1166.00
7259	1538707193	3600		268.36		  89835304		1235.00
7259	1538710793	3600		268.23		  83129614		1238.00
7259	1538714393	3600		267.95		  76488348		1230.00
7259	1538717993	3600		267.91		  71283716		1238.00
7259	1538720121	2128		267.87		  71311172		1232.00
-999	1538721321	1200		261.08		         0		-999.00
-999	1538724921	3600		261.25		         0		-999.00
-999	1538728521	3600		261.32		         0		-999.00
-999	1538732121	3600		261.04		         0		-999.00
-999	1538735721	3600		261.23		         0		-999.00
-999	1538739321	3600		265.76		         0		-999.00
-999	1538742921	3600		265.38		         0		-999.00
-999	1538746521	3600		265.61		         0		-999.00
-999	1538750121	3600		265.65		         0		-999.00
-999	1538753721	3600		265.65		         0		-999.00
-999	1538757321	3600		265.55		         0		-999.00
-999	1538760921	3600		266.22		         0		-999.00
-999	1538764521	3600		266.22		         0		-999.00
-999	1538768121	3600		266.22		         0		-999.00
-999	1538771721	3600		266.16		         0		-999.00
-999	1538775321	3600		266.20		         0		-999.00
-999	1538778921	3600		266.20		         0		-999.00
-999	1538782521	3600		266.20		         0		-999.00
-999	1538786121	3600		266.20		         0		-999.00
-999	1538789721	3600		266.20		         0		-999.00
-999	1538793321	3600		266.20		         0		-999.00
-999	1538796921	3600		266.20		         0		-999.00
-999	1538800521	3600		266.20		         0		-999.00
-999	1538804121	3600		266.20		         0		-999.00
-999	1538807721	3600		266.20		         0		-999.00
-999	1538811321	3600		265.93		         0		-999.00
-999	1538814921	3600		265.83		         0		-999.00
-999	1538818521	3600		265.83		         0		-999.00
-999	1538822121	3600		265.95		         0		-999.00
-999	1538825721	3600		265.94		         0		-999.00
-999	1538829321	3600		261.75		         0		-999.00
-999	1538832921	3600		261.65		         0		-999.00
-999	1538836521	3600		261.65		         0		-999.00
-999	1538840121	3600		261.18		         0		-999.00
-999	1538843721	3600		261.52		         0		-999.00
-999	1538847321	3600		261.36		         0		-999.00
-999	1538850921	3600		265.69		         0		-999.00
-999	1538854521	3600		265.89		         0		-999.00
-999	1538858121	3600		261.26		         0		-999.00
-999	1538861721	3600		261.52		         0		-999.00
-999	1538863030	1309		261.62		         0		-999.00
7264	1538864230	1200		269.40		 117005844		1270.00
7264	1538867830	3600		269.68		 121450978		1284.00
7264	1538871430	3600		269.44		 114828370		1273.00
7264	1538875030	3600		269.11		 103708751		1271.00
7264	1538878630	3600		268.76		  95663395		1264.00
7264	1538882230	3600		268.49		  86669575		1258.00
7264	1538885830	3600		268.26		  79243562		1254.00
7264	1538889430	3600		268.01		  71958765		1246.00
7264	1538893030	3600		267.82		  65502001		1245.00
7264	1538896630	3600		267.62		  59949225		1243.00
7264	1538900230	3600		267.47		  54731190		1238.00
7264	1538903830	3600		267.24		  49757373		1231.00
7264	1538907430	3600		267.20		  46043890		1227.00
7264	1538911030	3600		266.97		  42659703		1227.00
7264	1538914630	3600		261.35		  37402056		 12.50
7264	1538918230	3600		261.53		   8227260		 12.50
7264	1538921830	3600		261.57		  16903382		 12.50
7264	1538922448	618		261.57		  36024019		 12.50
-999	1538923648	1200		265.87		         0		-999.00
-999	1538927248	3600		265.86		         0		-999.00
-999	1538930848	3600		265.94		         0		-999.00
-999	1538934448	3600		261.65		         0		-999.00
-999	1538938048	3600		261.33		         0		-999.00
-999	1538940544	2496		261.79		         0		-999.00
7265	1538941744	1200		269.71		 122789246		1301.00
7265	1538945344	3600		269.87		 127842846		1297.00
7265	1538945357	13		272.44		 213700365		1293.00
-999	1538946557	1200		265.52		         0		-999.00
-999	1538950157	3600		261.47		         0		-999.00
-999	1538953757	3600		261.69		         0		-999.00
-999	1538955000	1243		261.62		         0		-999.00
7266	1538956200	1200		269.40		 112837292		1296.00
7266	1538959800	3600		269.56		 122099584		1282.00
7266	1538963400	3600		269.28		 110244975		1283.00
7266	1538967000	3600		268.93		 101190911		1271.00
7266	1538970600	3600		268.74		  93495188		1276.00
7266	1538974200	3600		268.51		  85903502		1273.00
7266	1538977800	3600		268.24		  79954053		1265.00
7266	1538981400	3600		268.06		  73951269		1265.00
7266	1538985000	3600		267.93		  69496860		1261.00
7266	1538988600	3600		267.78		  64702067		1258.00
7266	1538992200	3600		267.70		  61726062		1256.00
7266	1538993758	1558		267.29		  55004713		1208.00
-999	1538994958	1200		265.68		         0		-999.00
-999	1538998558	3600		261.73		         0		-999.00
-999	1539002158	3600		261.59		         0		-999.00
-999	1539005758	3600		261.66		         0		-999.00
-999	1539009358	3600		261.69		         0		-999.00
-999	1539012958	3600		261.69		         0		-999.00
-999	1539016558	3600		261.46		         0		-999.00
-999	1539020158	3600		265.94		         0		-999.00
-999	1539023758	3600		265.98		         0		-999.00
-999	1539027358	3600		261.72		         0		-999.00
-999	1539030958	3600		261.55		         0		-999.00
-999	1539032817	1859		261.75		         0		-999.00
7270	1539034017	1200		269.41		 117842937		1285.00
7270	1539037617	3600		269.70		 123701475		1300.00
7270	1539041217	3600		269.45		 115170129		1297.00
7270	1539044817	3600		269.18		 106297035		1290.00
7270	1539048417	3600		268.91		  97319467		1285.00
7270	1539052017	3600		268.60		  89300579		1278.00
7270	1539055617	3600		268.30		  80799066		1266.00
7270	1539059217	3600		268.10		  74110540		1267.00
7270	1539062817	3600		267.99		  70359371		1267.00
7270	1539066417	3600		267.82		  65857501		1263.00
7270	1539070017	3600		267.65		  60383632		1256.00
7270	1539073617	3600		267.43		  54212796		1251.00
7270	1539077217	3600		267.28		  49331419		1249.00
7270	1539080817	3600		267.15		  44774083		1249.00
7270	1539084417	3600		267.04		  41350467		1245.00
7270	1539086714	2297		266.75		  35508805		1231.00
-999	1539087914	1200		261.42		         0		-999.00
-999	1539091514	3600		261.11		         0		-999.00
-999	1539094678	3164		261.58		         0		-999.00
7271	1539095878	1200		269.34		 114080417		1298.00
7271	1539099478	3600		269.70		 122084093		1311.00
7271	1539103078	3600		269.22		 111394656		1287.00
7271	1539106678	3600		269.00		 101880227		1295.00
7271	1539108273	1595		268.84		  95375865		1295.00
-999	1539109473	1200		261.26		         0		-999.00
-999	1539113073	3600		265.72		         0		-999.00
-999	1539116673	3600		265.87		         0		-999.00
-999	1539120273	3600		265.90		         0		-999.00
-999	1539123873	3600		265.90		         0		-999.00
-999	1539127473	3600		265.90		         0		-999.00
-999	1539131073	3600		265.94		         0		-999.00
-999	1539134673	3600		265.94		         0		-999.00
-999	1539138273	3600		265.98		         0		-999.00
-999	1539141873	3600		265.98		         0		-999.00
-999	1539145473	3600		265.98		         0		-999.00
-999	1539149073	3600		265.98		         0		-999.00
-999	1539152673	3600		265.70		         0		-999.00
-999	1539156273	3600		261.65		         0		-999.00
-999	1539159873	3600		261.58		         0		-999.00
-999	1539163473	3600		265.55		         0		-999.00
-999	1539167073	3600		265.68		         0		-999.00
-999	1539170673	3600		265.57		         0		-999.00
-999	1539174273	3600		265.56		         0		-999.00
-999	1539177873	3600		265.73		         0		-999.00
-999	1539181473	3600		265.50		         0		-999.00
-999	1539185073	3600		265.92		         0		-999.00
-999	1539188673	3600		265.86		         0		-999.00
-999	1539192273	3600		265.90		         0		-999.00
-999	1539195873	3600		265.98		         0		-999.00
-999	1539199473	3600		261.69		         0		-999.00
-999	1539203073	3600		261.59		         0		-999.00
-999	1539206673	3600		261.08		         0		-999.00
-999	1539207241	568		261.12		         0		-999.00
7274	1539208441	1200		269.56		 118577862		1301.00
7274	1539212041	3600		269.18		 105670009		1309.00
7274	1539215641	3600		269.63		 120657341		1305.00
7274	1539219241	3600		269.33		 110834370		1299.00
7274	1539222841	3600		269.04		 102414536		1297.00
7274	1539225050	2209		268.31		  87091568		1265.00
-999	1539226250	1200		265.48		         0		-999.00
-999	1539229850	3600		265.77		         0		-999.00
-999	1539233450	3600		265.75		         0		-999.00
-999	1539237050	3600		265.74		         0		-999.00
-999	1539240650	3600		265.42		         0		-999.00
-999	1539244250	3600		265.70		         0		-999.00
-999	1539247850	3600		265.71		         0		-999.00
-999	1539251450	3600		265.71		         0		-999.00
-999	1539255050	3600		265.39		         0		-999.00
-999	1539258650	3600		265.10		         0		-999.00
-999	1539262250	3600		265.37		         0		-999.00
-999	1539265850	3600		265.37		         0		-999.00
-999	1539269450	3600		265.37		         0		-999.00
-999	1539273050	3600		265.37		         0		-999.00
-999	1539276650	3600		265.37		         0		-999.00
-999	1539280250	3600		265.37		         0		-999.00
-999	1539283850	3600		265.37		         0		-999.00
-999	1539287450	3600		265.37		         0		-999.00
-999	1539291050	3600		265.37		         0		-999.00
-999	1539294650	3600		265.37		         0		-999.00
-999	1539298250	3600		265.37		         0		-999.00
-999	1539301850	3600		265.37		         0		-999.00
-999	1539305450	3600		265.37		         0		-999.00
-999	1539309050	3600		265.37		         0		-999.00
-999	1539312650	3600		265.37		         0		-999.00
-999	1539316250	3600		265.37		         0		-999.00
-999	1539319850	3600		265.37		         0		-999.00
-999	1539323450	3600		265.37		         0		-999.00
-999	1539327050	3600		265.37		         0		-999.00
-999	1539330650	3600		265.59		         0		-999.00
-999	1539334250	3600		265.58		         0		-999.00
-999	1539337850	3600		265.65		         0		-999.00
-999	1539341450	3600		265.62		         0		-999.00
-999	1539345050	3600		265.65		         0		-999.00
-999	1539348650	3600		265.65		         0		-999.00
-999	1539352250	3600		265.65		         0		-999.00
-999	1539355850	3600		265.65		         0		-999.00
-999	1539359450	3600		265.65		         0		-999.00
-999	1539363050	3600		265.62		         0		-999.00
-999	1539366650	3600		265.65		         0		-999.00
-999	1539370250	3600		265.65		         0		-999.00
-999	1539373850	3600		265.62		         0		-999.00
-999	1539377450	3600		265.65		         0		-999.00
-999	1539381050	3600		265.62		         0		-999.00
-999	1539384650	3600		265.65		         0		-999.00
-999	1539388250	3600		265.65		         0		-999.00
-999	1539391850	3600		265.65		         0		-999.00
-999	1539395450	3600		265.59		         0		-999.00
-999	1539399050	3600		265.62		         0		-999.00
-999	1539402650	3600		265.59		         0		-999.00
-999	1539406250	3600		265.59		         0		-999.00
-999	1539409850	3600		265.62		         0		-999.00
-999	1539413450	3600		265.62		         0		-999.00
-999	1539417050	3600		265.62		         0		-999.00
-999	1539420650	3600		265.59		         0		-999.00
-999	1539424250	3600		265.59		         0		-999.00
-999	1539427850	3600		265.62		         0		-999.00
-999	1539431450	3600		265.62		         0		-999.00
-999	1539435050	3600		265.62		         0		-999.00
-999	1539438650	3600		265.62		         0		-999.00
-999	1539442250	3600		265.61		         0		-999.00
-999	1539445850	3600		265.28		         0		-999.00
-999	1539449450	3600		261.16		         0		-999.00
-999	1539453050	3600		261.49		         0		-999.00
-999	1539456650	3600		261.54		         0		-999.00
-999	1539460250	3600		261.66		         0		-999.00
-999	1539463850	3600		261.58		         0		-999.00
-999	1539467450	3600		261.61		         0		-999.00
-999	1539471050	3600		261.71		         0		-999.00
-999	1539471160	110		261.82		         0		-999.00
7299	1539472360	1200		265.75		      9644		1263.00
7299	1539475960	3600		265.86		      8773		1276.00
7299	1539479560	3600		265.90		      7408		1279.00
7299	1539483160	3600		265.90		      6356		1278.00
7299	1539486760	3600		265.90		      5457		1278.00
7299	1539489333	2573		265.90		      4938		1275.00
-999	1539490533	1200		261.23		         0		-999.00
-999	1539494133	3600		261.60		         0		-999.00
-999	1539495803	1670		261.60		         0		-999.00
7300	1539497003	1200		265.82		     10473		1274.00
7300	1539500603	3600		265.82		      9433		1272.00
7300	1539504203	3600		265.82		      7862		1274.00
7300	1539507803	3600		265.90		      6683		1275.00
7300	1539508416	613		261.75		      6429		 16.00
