Fill	Timestamp [s]	Duration [s]	Temperature [K]	Fluence [n_eq/cm2/s]	Leakage_current [mA/cm2]
7211	1537697396	1200		265.40		   2489744		1081.00
7211	1537700996	3600		265.71		   2697568		1115.00
7211	1537704596	3600		265.73		   2444476		1114.00
7211	1537708196	3600		265.51		   2295316		1093.00
7211	1537710680	2484		265.53		   2283886		 13.50
-999	1537711880	1200		265.65		         0		-999.00
-999	1537715480	3600		265.09		         0		-999.00
-999	1537719080	3600		265.44		         0		-999.00
-999	1537719764	684		265.57		         0		-999.00
7212	1537720964	1200		266.29		  28048077		1071.00
7212	1537724564	3600		266.68		  30884725		1136.00
7212	1537728164	3600		266.46		  28128077		1127.00
7212	1537731764	3600		266.23		  27044165		1103.00
7212	1537735364	3600		266.22		  25937480		1101.00
7212	1537738964	3600		266.40		  24211052		1116.00
7212	1537739545	581		266.32		  21584470		1130.00
-999	1537740745	1200		261.22		         0		-999.00
-999	1537744345	3600		261.47		         0		-999.00
-999	1537746460	2115		261.73		         0		-999.00
7213	1537747660	1200		267.64		  65205193		1113.00
7213	1537751260	3600		267.84		  68856418		1158.00
7213	1537754860	3600		267.76		  64123255		1163.00
7213	1537758460	3600		267.61		  60465077		1156.00
7213	1537762060	3600		267.00		  56038193		1067.00
7213	1537763357	1297		266.63		  46242727		1064.00
-999	1537764557	1200		261.42		         0		-999.00
-999	1537768157	3600		261.42		         0		-999.00
-999	1537771757	3600		261.39		         0		-999.00
-999	1537775357	3600		265.66		         0		-999.00
-999	1537778957	3600		265.86		         0		-999.00
-999	1537782557	3600		261.44		         0		-999.00
-999	1537786157	3600		261.66		         0		-999.00
-999	1537789599	3442		261.69		         0		-999.00
7217	1537790799	1200		269.66		 121074416		1215.00
7217	1537794399	3600		269.86		 127699741		1216.00
7217	1537797999	3600		269.56		 118260091		1209.00
7217	1537801599	3600		269.24		 108597861		1205.00
7217	1537805199	3600		269.00		  98709902		1204.00
7217	1537808799	3600		268.66		  91454251		1187.00
7217	1537812399	3600		268.41		  83692611		1183.00
7217	1537815999	3600		268.20		  76542177		1186.00
7217	1537819599	3600		267.97		  70906637		1180.00
7217	1537821176	1577		267.62		  61854520		1176.00
-999	1537822376	1200		261.84		         0		-999.00
-999	1537825976	3600		261.44		         0		-999.00
-999	1537829576	3600		265.98		         0		-999.00
-999	1537833176	3600		265.98		         0		-999.00
-999	1537836776	3600		261.30		         0		-999.00
-999	1537838838	2062		261.79		         0		-999.00
7218	1537840038	1200		269.53		 115176403		1218.00
7218	1537843638	3600		269.84		 125499754		1224.00
7218	1537847238	3600		269.53		 115322929		1221.00
7218	1537850838	3600		269.14		 106618710		1208.00
7218	1537854438	3600		268.89		  96988729		1208.00
7218	1537858038	3600		268.68		  90229451		1203.00
7218	1537861638	3600		268.41		  82476762		1198.00
7218	1537865238	3600		268.17		  75655197		1194.00
7218	1537868838	3600		267.85		  71332646		1171.00
7218	1537872438	3600		267.95		  67855043		1189.00
7218	1537876038	3600		267.76		  61962681		1186.00
7218	1537877431	1393		267.26		  51504110		1170.00
-999	1537878631	1200		261.91		         0		-999.00
-999	1537882231	3600		261.18		         0		-999.00
-999	1537885831	3600		261.73		         0		-999.00
-999	1537889431	3600		261.78		         0		-999.00
-999	1537892405	2974		261.67		         0		-999.00
7220	1537893605	1200		265.68		    312184		1142.00
7220	1537897205	3600		261.60		    226670		 13.50
7220	1537898111	906		261.60		    324188		 13.50
-999	1537899311	1200		261.01		         0		-999.00
-999	1537902911	3600		261.69		         0		-999.00
-999	1537906511	3600		261.76		         0		-999.00
-999	1537906841	330		261.76		         0		-999.00
7221	1537908041	1200		269.43		 114276345		1222.00
7221	1537911641	3600		269.59		 121165276		1226.00
7221	1537915241	3600		269.43		 111661260		1226.00
7221	1537918841	3600		269.16		 104101320		1219.00
7221	1537922441	3600		268.86		  95788575		1215.00
7221	1537926041	3600		268.66		  88876882		1211.00
7221	1537929641	3600		268.34		  81756463		1206.00
7221	1537933241	3600		268.16		  75869134		1203.00
7221	1537936841	3600		267.97		  69657598		1197.00
7221	1537940441	3600		267.87		  66346968		1198.00
7221	1537944041	3600		267.74		  61995765		1196.00
7221	1537947641	3600		267.55		  57212771		1189.00
7221	1537951241	3600		267.40		  51066848		1183.00
7221	1537954841	3600		267.23		  46673757		1186.00
7221	1537958441	3600		261.21		  40678936		 13.00
7221	1537960388	1947		261.20		  40063770		 13.00
-999	1537961588	1200		261.44		         0		-999.00
-999	1537965188	3600		261.73		         0		-999.00
-999	1537968788	3600		265.64		         0		-999.00
-999	1537972388	3600		265.99		         0		-999.00
-999	1537975988	3600		265.99		         0		-999.00
-999	1537979588	3600		265.88		         0		-999.00
-999	1537983188	3600		265.98		         0		-999.00
-999	1537986788	3600		265.90		         0		-999.00
-999	1537990388	3600		265.98		         0		-999.00
-999	1537993988	3600		265.74		         0		-999.00
-999	1537997588	3600		265.98		         0		-999.00
-999	1538001188	3600		265.98		         0		-999.00
-999	1538004788	3600		265.98		         0		-999.00
-999	1538008388	3600		265.98		         0		-999.00
-999	1538011988	3600		265.98		         0		-999.00
-999	1538015588	3600		265.98		         0		-999.00
-999	1538019188	3600		265.98		         0		-999.00
-999	1538022788	3600		265.98		         0		-999.00
-999	1538026388	3600		265.98		         0		-999.00
-999	1538029988	3600		265.50		         0		-999.00
-999	1538033588	3600		265.73		         0		-999.00
-999	1538037188	3600		265.49		         0		-999.00
-999	1538040788	3600		265.73		         0		-999.00
-999	1538044388	3600		265.73		         0		-999.00
-999	1538047988	3600		265.73		         0		-999.00
-999	1538051588	3600		261.42		         0		-999.00
-999	1538055188	3600		261.28		         0		-999.00
-999	1538058788	3600		261.60		         0		-999.00
-999	1538062388	3600		261.32		         0		-999.00
-999	1538065988	3600		265.93		         0		-999.00
-999	1538069588	3600		265.93		         0		-999.00
-999	1538073188	3600		265.93		         0		-999.00
-999	1538076788	3600		265.93		         0		-999.00
-999	1538080388	3600		265.93		         0		-999.00
-999	1538083988	3600		265.93		         0		-999.00
-999	1538087588	3600		265.93		         0		-999.00
-999	1538091188	3600		265.93		         0		-999.00
-999	1538094788	3600		265.93		         0		-999.00
-999	1538098388	3600		265.93		         0		-999.00
-999	1538101988	3600		265.93		         0		-999.00
-999	1538105588	3600		265.61		         0		-999.00
-999	1538109188	3600		265.61		         0		-999.00
-999	1538112788	3600		265.61		         0		-999.00
-999	1538116388	3600		265.63		         0		-999.00
-999	1538119988	3600		265.52		         0		-999.00
-999	1538123588	3600		265.88		         0		-999.00
-999	1538127188	3600		265.88		         0		-999.00
-999	1538130788	3600		265.88		         0		-999.00
-999	1538134388	3600		265.42		         0		-999.00
-999	1538137988	3600		265.94		         0		-999.00
-999	1538141588	3600		260.96		         0		-999.00
-999	1538145188	3600		265.94		         0		-999.00
-999	1538148788	3600		265.87		         0		-999.00
-999	1538152388	3600		265.77		         0		-999.00
-999	1538155988	3600		265.93		         0		-999.00
-999	1538159588	3600		265.89		         0		-999.00
-999	1538163188	3600		265.86		         0		-999.00
-999	1538166788	3600		265.86		         0		-999.00
-999	1538170388	3600		265.86		         0		-999.00
-999	1538173988	3600		261.63		         0		-999.00
-999	1538177588	3600		261.46		         0		-999.00
-999	1538178386	798		261.70		         0		-999.00
7234	1538179586	1200		269.51		 115988694		1227.00
7234	1538183186	3600		269.89		 127146108		1225.00
7234	1538186786	3600		269.45		 116456314		1221.00
7234	1538190386	3600		268.64		 108779273		1112.00
7234	1538193986	3600		268.72		  98574735		1195.00
7234	1538197586	3600		268.40		  91332444		1183.00
7234	1538201186	3600		268.16		  83346513		1176.00
7234	1538204786	3600		268.00		  78062864		1180.00
7234	1538208386	3600		268.02		  70945917		1192.00
7234	1538211986	3600		267.87		  67593947		1189.00
7234	1538215586	3600		267.66		  60513784		1186.00
7234	1538219186	3600		267.56		  57046991		1185.00
7234	1538222786	3600		267.16		  48783565		1176.00
7234	1538223189	403		267.00		  43663463		1176.00
-999	1538224389	1200		261.55		         0		-999.00
-999	1538227989	3600		261.75		         0		-999.00
-999	1538231589	3600		265.68		         0		-999.00
-999	1538235189	3600		261.69		         0		-999.00
-999	1538238789	3600		261.49		         0		-999.00
-999	1538239060	271		261.57		         0		-999.00
7236	1538240260	1200		269.60		 119081570		1249.00
7236	1538243860	3600		269.97		 130215736		1242.00
7236	1538247460	3600		269.48		 119555430		1227.00
7236	1538251060	3600		269.24		 110028392		1231.00
7236	1538254660	3600		268.95		 100477707		1225.00
7236	1538258260	3600		268.67		  91206641		1222.00
7236	1538261860	3600		268.45		  85394539		1214.00
7236	1538265460	3600		268.24		  78442765		1212.00
7236	1538269060	3600		268.05		  72201984		1209.00
7236	1538271393	2333		267.98		  69926756		1204.00
-999	1538272593	1200		265.36		         0		-999.00
-999	1538276193	3600		265.74		         0		-999.00
-999	1538279793	3600		265.98		         0		-999.00
-999	1538283393	3600		265.98		         0		-999.00
-999	1538286993	3600		265.98		         0		-999.00
-999	1538290593	3600		261.69		         0		-999.00
-999	1538294193	3600		261.69		         0		-999.00
-999	1538297793	3600		261.61		         0		-999.00
-999	1538298993	1200		261.65		         0		-999.00
7239	1538300193	1200		269.77		 122849368		1262.00
7239	1538303793	3600		269.98		 131204837		1252.00
7239	1538307393	3600		269.53		 120061564		1235.00
7239	1538310993	3600		269.32		 110525211		1239.00
7239	1538314593	3600		269.02		 101884267		1233.00
7239	1538318193	3600		268.68		  92773415		1229.00
7239	1538320938	2745		268.49		  86600339		1222.00
-999	1538322138	1200		265.66		         0		-999.00
-999	1538325738	3600		261.77		         0		-999.00
-999	1538329338	3600		261.76		         0		-999.00
-999	1538329691	353		261.76		         0		-999.00
7240	1538330891	1200		269.48		 115868925		1254.00
7240	1538334491	3600		269.82		 127555897		1254.00
7240	1538338091	3600		269.51		 117349431		1250.00
7240	1538341691	3600		269.20		 107000776		1244.00
7240	1538345291	3600		268.97		  99447337		1239.00
7240	1538348891	3600		268.67		  91129308		1238.00
7240	1538352491	3600		268.43		  84365451		1228.00
7240	1538354676	2185		268.27		  79155208		1228.00
