Fill	Timestamp [s]	Duration [s]	Temperature [K]	Fluence [n_eq/cm2/s]	Leakage_current [mA/cm2]
7065	1534658222	1200		270.06		 122408320		1099.00
7065	1534661822	3600		270.66		 134979797		1117.00
7065	1534665422	3600		270.28		 124590649		1110.00
7065	1534669022	3600		269.94		 113217262		1107.00
7065	1534672622	3600		269.62		 104134184		1102.00
7065	1534676222	3600		269.27		  94818610		1096.00
7065	1534679822	3600		269.05		  87580767		1091.00
7065	1534683422	3600		268.84		  80328643		1089.00
7065	1534687022	3600		268.64		  73826832		1085.00
7065	1534690622	3600		268.51		  69524478		1083.00
7065	1534694222	3600		268.24		  62885602		1076.00
7065	1534697822	3600		268.08		  57588839		1077.00
7065	1534701422	3600		267.94		  54109103		1074.00
7065	1534703871	2449		267.58		  46194476		1062.00
-999	1534705071	1200		262.40		         0		-999.00
-999	1534708671	3600		262.05		         0		-999.00
-999	1534712271	3600		262.28		         0		-999.00
-999	1534715871	3600		262.28		         0		-999.00
-999	1534719471	3600		261.70		         0		-999.00
-999	1534721378	1907		262.14		         0		-999.00
7069	1534722578	1200		269.96		 114172942		1122.00
7069	1534726178	3600		270.23		 124533147		1124.00
7069	1534729778	3600		269.95		 115191334		1112.00
7069	1534733378	3600		269.66		 105710394		1108.00
7069	1534736978	3600		269.41		  97078720		1105.00
7069	1534740578	3600		269.11		  88378853		1102.00
7069	1534744178	3600		268.86		  81188076		1097.00
7069	1534747778	3600		268.64		  73990530		1093.00
7069	1534751378	3600		268.51		  69662560		1092.00
7069	1534754978	3600		268.31		  65225290		1087.00
7069	1534758578	3600		268.09		  59269395		1085.00
7069	1534762178	3600		267.93		  53971139		1080.00
7069	1534765778	3600		267.73		  47295205		1073.00
7069	1534769062	3284		267.43		  41118621		1065.00
-999	1534770262	1200		261.73		         0		-999.00
-999	1534773862	3600		266.20		         0		-999.00
-999	1534777462	3600		266.04		         0		-999.00
-999	1534781062	3600		266.08		         0		-999.00
-999	1534784662	3600		261.48		         0		-999.00
-999	1534788262	3600		262.16		         0		-999.00
-999	1534791862	3600		266.53		         0		-999.00
-999	1534795462	3600		266.53		         0		-999.00
-999	1534799062	3600		266.40		         0		-999.00
-999	1534802662	3600		266.52		         0		-999.00
-999	1534806262	3600		266.52		         0		-999.00
-999	1534809862	3600		266.52		         0		-999.00
-999	1534813462	3600		266.52		         0		-999.00
-999	1534817062	3600		266.52		         0		-999.00
-999	1534820662	3600		266.52		         0		-999.00
-999	1534824262	3600		266.52		         0		-999.00
-999	1534827862	3600		266.55		         0		-999.00
-999	1534831462	3600		266.36		         0		-999.00
-999	1534835062	3600		261.82		         0		-999.00
-999	1534838662	3600		266.23		         0		-999.00
-999	1534842262	3600		266.31		         0		-999.00
-999	1534845862	3600		266.03		         0		-999.00
-999	1534849462	3600		266.19		         0		-999.00
-999	1534853062	3600		266.10		         0		-999.00
-999	1534856662	3600		266.05		         0		-999.00
-999	1534860262	3600		266.29		         0		-999.00
-999	1534863862	3600		266.51		         0		-999.00
-999	1534867462	3600		266.36		         0		-999.00
-999	1534871062	3600		266.36		         0		-999.00
-999	1534874662	3600		266.29		         0		-999.00
-999	1534878262	3600		266.40		         0		-999.00
-999	1534881862	3600		265.94		         0		-999.00
-999	1534885462	3600		266.48		         0		-999.00
-999	1534889062	3600		266.48		         0		-999.00
-999	1534892662	3600		266.48		         0		-999.00
-999	1534896262	3600		266.48		         0		-999.00
-999	1534899862	3600		266.48		         0		-999.00
-999	1534903462	3600		266.48		         0		-999.00
-999	1534907062	3600		266.48		         0		-999.00
-999	1534910662	3600		266.48		         0		-999.00
-999	1534914262	3600		266.37		         0		-999.00
-999	1534917862	3600		266.49		         0		-999.00
-999	1534921462	3600		266.27		         0		-999.00
-999	1534925062	3600		266.14		         0		-999.00
-999	1534928662	3600		265.94		         0		-999.00
-999	1534932262	3600		266.05		         0		-999.00
-999	1534935862	3600		266.48		         0		-999.00
-999	1534939462	3600		266.27		         0		-999.00
-999	1534943062	3600		266.41		         0		-999.00
-999	1534946662	3600		266.18		         0		-999.00
-999	1534950262	3600		262.11		         0		-999.00
-999	1534953862	3600		262.12		         0		-999.00
-999	1534957462	3600		262.22		         0		-999.00
-999	1534961062	3600		262.18		         0		-999.00
-999	1534964662	3600		261.95		         0		-999.00
-999	1534968262	3600		262.01		         0		-999.00
-999	1534971862	3600		262.19		         0		-999.00
-999	1534975462	3600		262.19		         0		-999.00
-999	1534979062	3600		262.19		         0		-999.00
-999	1534982662	3600		262.19		         0		-999.00
-999	1534986262	3600		262.19		         0		-999.00
-999	1534989862	3600		262.17		         0		-999.00
-999	1534993462	3600		262.17		         0		-999.00
-999	1534997062	3600		262.15		         0		-999.00
-999	1535000662	3600		262.15		         0		-999.00
-999	1535004262	3600		261.91		         0		-999.00
-999	1535007862	3600		262.14		         0		-999.00
-999	1535011462	3600		261.92		         0		-999.00
-999	1535015062	3600		262.15		         0		-999.00
-999	1535018662	3600		262.15		         0		-999.00
-999	1535022262	3600		262.09		         0		-999.00
-999	1535023071	809		262.22		         0		-999.00
7078	1535024271	1200		269.90		 112934177		1107.00
7078	1535027871	3600		270.20		 121869872		1111.00
7078	1535030682	2811		269.94		 113340614		1107.00
-999	1535031882	1200		266.00		         0		-999.00
-999	1535035482	3600		266.36		         0		-999.00
-999	1535039082	3600		266.59		         0		-999.00
-999	1535042682	3600		266.49		         0		-999.00
-999	1535046282	3600		261.73		         0		-999.00
-999	1535049882	3600		262.22		         0		-999.00
-999	1535051403	1521		262.06		         0		-999.00
7080	1535052603	1200		270.31		 125420669		1125.00
7080	1535056203	3600		270.61		 133840415		1124.00
7080	1535059803	3600		270.24		 123420374		1113.00
7080	1535063403	3600		269.92		 112909177		1110.00
7080	1535067003	3600		269.58		 102750905		1107.00
7080	1535070603	3600		269.35		  96274907		1101.00
7080	1535074203	3600		269.06		  87861488		1096.00
7080	1535077803	3600		268.87		  81596724		1093.00
7080	1535081403	3600		268.72		  74677720		1091.00
7080	1535085003	3600		268.44		  68086095		1087.00
7080	1535088603	3600		268.39		  66654883		1090.00
7080	1535092203	3600		268.19		  61386135		1086.00
7080	1535095803	3600		268.02		  55863251		1081.00
7080	1535095826	23		267.92		  52388475		1081.00
-999	1535097026	1200		265.97		         0		-999.00
-999	1535100626	3600		266.35		         0		-999.00
-999	1535104226	3600		261.73		         0		-999.00
-999	1535107826	3600		262.22		         0		-999.00
-999	1535111280	3454		262.22		         0		-999.00
7083	1535112480	1200		269.86		 113500443		1121.00
7083	1535116080	3600		270.10		 120352613		1124.00
7083	1535119680	3600		269.84		 111681834		1119.00
7083	1535123280	3600		269.57		 101997391		1114.00
7083	1535126880	3600		269.33		  94016079		1109.00
7083	1535130480	3600		268.97		  85822715		1106.00
7083	1535134080	3600		268.84		  79003470		1104.00
7083	1535137680	3600		268.63		  71959581		1097.00
7083	1535141280	3600		268.39		  65310940		1096.00
7083	1535144880	3600		268.16		  60754070		1088.00
7083	1535148480	3600		268.01		  55558726		1089.00
7083	1535152080	3600		267.87		  50913985		1085.00
7083	1535152634	554		267.80		  48581332		1085.00
-999	1535153834	1200		266.31		         0		-999.00
-999	1535157434	3600		266.48		         0		-999.00
-999	1535161034	3600		266.48		         0		-999.00
-999	1535164634	3600		266.46		         0		-999.00
-999	1535168234	3600		266.46		         0		-999.00
-999	1535171834	3600		266.46		         0		-999.00
-999	1535175434	3600		266.49		         0		-999.00
-999	1535179034	3600		266.49		         0		-999.00
-999	1535182634	3600		265.73		         0		-999.00
-999	1535186234	3600		266.22		         0		-999.00
-999	1535189834	3600		266.22		         0		-999.00
-999	1535191851	2017		265.64		         0		-999.00
7087	1535193051	1200		270.18		 121014459		1147.00
7087	1535196651	3600		270.50		 131771707		1136.00
7087	1535200251	3600		270.22		 122459282		1135.00
7087	1535203851	3600		269.91		 112014218		1130.00
7087	1535207451	3600		269.50		 102186138		1124.00
7087	1535211051	3600		269.20		  93157991		1119.00
7087	1535214651	3600		268.97		  85718244		1115.00
7087	1535218251	3600		268.74		  77925087		1109.00
7087	1535221851	3600		268.51		  70364497		1108.00
7087	1535225451	3600		268.41		  67508718		1105.00
7087	1535229051	3600		268.19		  61480102		1102.00
7087	1535232651	3600		268.04		  56564863		1095.00
7087	1535236251	3600		267.85		  50201719		1094.00
7087	1535238176	1925		267.48		  42770258		1085.00
-999	1535239376	1200		262.09		         0		-999.00
-999	1535242976	3600		262.30		         0		-999.00
-999	1535246576	3600		262.31		         0		-999.00
-999	1535246754	178		262.21		         0		-999.00
7088	1535247954	1200		270.11		 117988274		1154.00
7088	1535251462	3508		270.44		 134120735		1128.00
-999	1535252662	1200		265.93		         0		-999.00
-999	1535256262	3600		262.18		         0		-999.00
-999	1535259862	3600		262.26		         0		-999.00
-999	1535263462	3600		262.26		         0		-999.00
-999	1535267062	3600		261.72		         0		-999.00
-999	1535267678	616		262.21		         0		-999.00
7090	1535268878	1200		270.27		 123975515		1152.00
7090	1535272478	3600		270.57		 133044881		1158.00
7090	1535276078	3600		270.19		 121306801		1149.00
7090	1535279678	3600		270.02		 112961905		1149.00
7090	1535283278	3600		269.62		 103133994		1139.00
7090	1535286878	3600		269.35		  94113972		1134.00
7090	1535290478	3600		269.12		  86660914		1129.00
7090	1535294078	3600		268.85		  80142345		1125.00
7090	1535297678	3600		268.58		  72693014		1124.00
7090	1535301278	3600		268.44		  67815354		1123.00
7090	1535304878	3600		268.33		  64067264		1121.00
7090	1535308478	3600		267.99		  59562512		1103.00
7090	1535312078	3600		267.85		  50562495		1111.00
7090	1535313102	1024		267.87		  51193971		1111.00
-999	1535314302	1200		262.07		         0		-999.00
-999	1535317902	3600		261.86		         0		-999.00
-999	1535321348	3446		262.24		         0		-999.00
7091	1535322548	1200		270.23		 121039248		1171.00
7091	1535326148	3600		270.51		 130537404		1167.00
7091	1535329748	3600		270.23		 120952590		1161.00
7091	1535333348	3600		269.88		 110459462		1154.00
7091	1535336948	3600		269.62		 101888109		1152.00
7091	1535340548	3600		269.27		  93797422		1148.00
7091	1535344148	3600		269.04		  86134817		1143.00
7091	1535347748	3600		268.84		  79325079		1139.00
7091	1535351348	3600		268.37		  71557186		1113.00
7091	1535354948	3600		268.48		  67424209		1130.00
7091	1535358548	3600		268.36		  63631491		1128.00
7091	1535362148	3600		268.14		  57167137		1125.00
7091	1535365748	3600		268.04		  54052386		1123.00
7091	1535368639	2891		267.69		  46020718		1114.00
-999	1535369839	1200		262.07		         0		-999.00
-999	1535373439	3600		266.11		         0		-999.00
-999	1535377039	3600		262.19		         0		-999.00
-999	1535380639	3600		262.23		         0		-999.00
-999	1535384239	3600		261.85		         0		-999.00
-999	1535385389	1150		262.34		         0		-999.00
7092	1535386589	1200		270.07		 117400364		1163.00
7092	1535390189	3600		270.34		 124864271		1168.00
7092	1535393789	3600		269.95		 115002585		1164.00
7092	1535395985	2196		269.80		 108591545		1156.00
-999	1535397185	1200		265.87		         0		-999.00
-999	1535400785	3600		266.40		         0		-999.00
-999	1535404385	3600		261.81		         0		-999.00
-999	1535407985	3600		262.24		         0		-999.00
-999	1535410972	2987		262.14		         0		-999.00
7095	1535412172	1200		270.07		 118759930		1160.00
7095	1535415772	3600		270.32		 126093632		1171.00
7095	1535419372	3600		270.04		 116628765		1163.00
7095	1535422972	3600		269.69		 106259702		1160.00
7095	1535426572	3600		269.46		  98591616		1154.00
7095	1535430172	3600		269.21		  90022870		1150.00
7095	1535431917	1745		269.07		  85424929		1149.00
-999	1535433117	1200		266.26		         0		-999.00
-999	1535436717	3600		265.94		         0		-999.00
-999	1535440317	3600		266.40		         0		-999.00
-999	1535443917	3600		261.48		         0		-999.00
-999	1535447517	3600		262.09		         0		-999.00
-999	1535451117	3600		262.22		         0		-999.00
-999	1535454717	3600		262.19		         0		-999.00
-999	1535456340	1623		262.31		         0		-999.00
7097	1535457540	1200		270.20		 120913289		1186.00
7097	1535461140	3600		270.36		 127442642		1180.00
7097	1535464740	3600		270.09		 118610847		1172.00
7097	1535468340	3600		269.81		 108506301		1167.00
7097	1535471940	3600		269.44		  98841871		1158.00
7097	1535475540	3600		269.17		  91044536		1155.00
7097	1535479140	3600		268.93		  82723743		1150.00
7097	1535482740	3600		268.69		  76203237		1147.00
7097	1535486340	3600		268.45		  69329288		1139.00
7097	1535489940	3600		268.38		  66835896		1139.00
7097	1535493540	3600		268.12		  59577954		1134.00
7097	1535497140	3600		268.02		  56350943		1133.00
7097	1535500740	3600		267.85		  50535016		1128.00
7097	1535504340	3600		267.70		  45761211		1123.00
7097	1535505368	1028		267.26		  36009606		1114.00
-999	1535506568	1200		261.70		         0		-999.00
-999	1535510168	3600		262.32		         0		-999.00
-999	1535512996	2828		261.67		         0		-999.00
7098	1535514196	1200		270.17		 121198375		1185.00
7098	1535517796	3600		270.52		 131391823		1190.00
7098	1535521396	3600		270.18		 121265011		1182.00
7098	1535524996	3600		269.86		 110822447		1178.00
7098	1535528596	3600		269.55		 101666079		1174.00
7098	1535532089	3493		269.22		  93071460		1164.00
-999	1535533289	1200		265.87		         0		-999.00
-999	1535536889	3600		266.10		         0		-999.00
-999	1535540489	3600		262.22		         0		-999.00
-999	1535544089	3600		262.34		         0		-999.00
-999	1535544488	399		262.34		         0		-999.00
7099	1535545688	1200		269.98		 117445177		1184.00
7099	1535549288	3600		270.38		 127052181		1187.00
7099	1535551174	1886		270.12		 118267207		1192.00
-999	1535552374	1200		266.33		         0		-999.00
-999	1535555974	3600		266.32		         0		-999.00
-999	1535559574	3600		266.44		         0		-999.00
-999	1535563174	3600		266.55		         0		-999.00
-999	1535566774	3600		262.30		         0		-999.00
-999	1535570374	3600		261.91		         0		-999.00
-999	1535570740	366		262.10		         0		-999.00
7101	1535571940	1200		270.43		 127935064		1203.00
7101	1535575540	3600		270.67		 136132392		1197.00
7101	1535579140	3600		270.26		 123758800		1190.00
7101	1535580041	901		270.12		 119145979		1187.00
-999	1535581241	1200		266.22		         0		-999.00
-999	1535584841	3600		266.53		         0		-999.00
-999	1535588441	3600		266.53		         0		-999.00
-999	1535592041	3600		266.53		         0		-999.00
-999	1535595641	3600		266.53		         0		-999.00
-999	1535599241	3600		266.53		         0		-999.00
-999	1535602841	3600		266.53		         0		-999.00
-999	1535606441	3600		266.53		         0		-999.00
-999	1535610041	3600		266.15		         0		-999.00
-999	1535613641	3600		266.23		         0		-999.00
-999	1535614998	1357		266.25		         0		-999.00
7105	1535616198	1200		270.27		 123694841		1199.00
7105	1535619798	3600		270.54		 131474293		1193.00
7105	1535623398	3600		270.19		 121041214		1190.00
7105	1535626998	3600		269.79		 110146885		1184.00
7105	1535630598	3600		269.55		 102017888		1176.00
7105	1535634198	3600		269.29		  93296529		1173.00
7105	1535637798	3600		269.02		  85789297		1166.00
7105	1535641398	3600		268.84		  79662342		1164.00
7105	1535644998	3600		268.53		  71076166		1159.00
7105	1535648598	3600		268.39		  66588569		1161.00
7105	1535652198	3600		268.28		  62697749		1156.00
7105	1535655798	3600		268.03		  56642665		1148.00
7105	1535659398	3600		267.93		  53197393		1149.00
7105	1535662998	3600		267.58		  46932408		1134.00
7105	1535663769	771		267.63		  45842195		1142.00
-999	1535664969	1200		262.36		         0		-999.00
-999	1535668569	3600		262.26		         0		-999.00
-999	1535672169	3600		266.46		         0		-999.00
-999	1535675769	3600		262.00		         0		-999.00
-999	1535679369	3600		261.76		         0		-999.00
-999	1535680532	1163		262.21		         0		-999.00
7108	1535681732	1200		270.36		 125730956		1204.00
7108	1535685332	3600		270.58		 133349526		1204.00
7108	1535688932	3600		270.26		 122562002		1198.00
7108	1535692532	3600		269.93		 112821360		1192.00
7108	1535696132	3600		269.62		 102686229		1193.00
7108	1535699732	3600		269.32		  94901304		1183.00
7108	1535703332	3600		269.04		  86864727		1175.00
7108	1535706932	3600		268.85		  80514985		1177.00
7108	1535710532	3600		268.65		  73651938		1173.00
7108	1535714132	3600		268.22		  67329141		1116.00
7108	1535717732	3600		268.32		  64070664		1163.00
7108	1535721332	3600		268.22		  60705407		1162.00
7108	1535724932	3600		267.80		  52126389		1150.00
7108	1535725313	381		267.57		  44599654		1150.00
-999	1535726513	1200		261.72		         0		-999.00
-999	1535730113	3600		262.32		         0		-999.00
-999	1535733713	3600		262.02		         0		-999.00
-999	1535733821	108		261.94		         0		-999.00
-999	1535735942	1200		266.46		         0		-999.00
-999	1535739542	3600		262.09		         0		-999.00
-999	1535742103	2561		262.31		         0		-999.00
7110	1535743303	1200		270.13		 120561108		1204.00
7110	1535746903	3600		270.44		 128086894		1210.00
7110	1535750503	3600		270.01		 117249139		1205.00
7110	1535754103	3600		269.77		 109226756		1203.00
7110	1535757703	3600		269.52		 100967762		1195.00
7110	1535761303	3600		269.26		  92353751		1193.00
7110	1535764903	3600		269.01		  85435983		1183.00
7110	1535768503	3600		268.82		  79005120		1182.00
7110	1535772103	3600		268.57		  72084245		1179.00
7110	1535775703	3600		268.42		  67077842		1178.00
7110	1535779303	3600		268.34		  64266765		1174.00
7110	1535782903	3600		267.98		  58933592		1156.00
7110	1535783443	540		267.89		  55902144		1160.00
