Fill	Timestamp [s]	Duration [s]	Temperature [K]	Fluence [n_eq/cm2/s]	Leakage_current [mA/cm2]
6336	1509043424	1200		264.55		  14678755		981.00
6336	1509047024	3600		264.54		  14250925		965.00
6336	1509050624	3600		264.53		  13845142		958.50
6336	1509054224	3600		264.50		  12852517		957.50
6336	1509056801	2577		264.43		  10561631		945.00
6337	1509058001	1200		264.28		  10561631		-999.00
6338	1509061601	3600		260.59		  10561631		-999.00
6339	1509065201	3600		260.59		  10561631		-999.00
6340	1509068801	3600		260.59		  10561631		-999.00
6341	1509056801	-12000		261.11		  10561631		-999.00
6337	1509072995	1200		270.58		 192624928		1159.00
6337	1509076595	3600		270.64		 194710372		1149.00
6337	1509080195	3600		270.57		 192133522		1152.00
6337	1509083795	3600		270.28		 183101641		1165.00
6337	1509087395	3600		270.25		 182161699		1134.00
6337	1509090995	3600		269.68		 163156203		1116.00
6337	1509091839	844		267.86		 114156974		1095.00
6338	1509093039	1200		261.22		 114156974		-999.00
6339	1509096639	3600		261.22		 114156974		-999.00
6340	1509100239	3600		261.22		 114156974		-999.00
6341	1509103839	3600		261.22		 114156974		-999.00
6342	1509107439	3600		261.22		 114156974		-999.00
6343	1509111039	3600		263.88		 114156974		-999.00
6344	1509114639	3600		264.22		 114156974		-999.00
6345	1509118239	3600		264.23		 114156974		-999.00
6346	1509121839	3600		264.58		 114156974		-999.00
6347	1509125439	3600		264.58		 114156974		-999.00
6348	1509129039	3600		264.75		 114156974		-999.00
6349	1509132639	3600		264.41		 114156974		-999.00
6350	1509136239	3600		264.19		 114156974		-999.00
6351	1509091839	-44400		264.27		 114156974		-999.00
6341	1509140377	1200		270.56		 189154662		1164.00
6341	1509142561	2184		270.64		 191534562		1155.00
6342	1509143761	1200		264.01		 191534562		-999.00
6343	1509147361	3600		264.18		 191534562		-999.00
6344	1509150961	3600		264.18		 191534562		-999.00
6345	1509154561	3600		260.67		 191534562		-999.00
6346	1509158161	3600		260.67		 191534562		-999.00
6347	1509161761	3600		260.67		 191534562		-999.00
6348	1509142561	-19200		261.89		 191534562		-999.00
6343	1509165362	1200		270.64		 192140827		1155.00
6343	1509168962	3600		270.72		 194591443		1161.00
6343	1509172562	3600		270.63		 191808082		1166.00
6343	1509176162	3600		270.25		 179561406		1157.00
6343	1509179762	3600		270.01		 171829085		1132.00
6343	1509183362	3600		269.47		 153787309		1121.00
6343	1509186962	3600		269.06		 140121743		1109.00
6343	1509190562	3600		268.76		 129840958		1098.00
6343	1509194162	3600		268.47		 120210376		1086.00
6343	1509197762	3600		268.17		 110390475		1088.00
6343	1509201362	3600		267.93		 102196910		1075.00
6343	1509204962	3600		267.72		  95349685		1068.00
6343	1509206860	1898		267.53		  89030270		1066.00
6344	1509208060	1200		264.34		  89030270		-999.00
6345	1509211660	3600		260.82		  89030270		-999.00
6346	1509215260	3600		261.33		  89030270		-999.00
6347	1509206860	-8400		261.86		  89030270		-999.00
6344	1509216496	1200		270.71		 189837557		1174.00
6344	1509220096	3600		270.79		 192595030		1174.00
6344	1509223696	3600		270.73		 190608575		1177.00
6344	1509227296	3600		270.07		 180126564		1162.00
6344	1509230896	3600		270.07		 180378818		1164.00
6344	1509233361	2465		269.69		 167462901		1152.00
6345	1509234561	1200		264.32		 167462901		-999.00
6346	1509238161	3600		260.98		 167462901		-999.00
6347	1509245361	3600		260.98		 167462901		-999.00
6348	1509248961	3600		260.98		 167462901		-999.00
6349	1509252561	3600		260.98		 167462901		-999.00
6350	1509256161	3600		260.98		 167462901		-999.00
6351	1509259761	3600		260.81		 167462901		-999.00
6352	1509263361	3600		260.98		 167462901		-999.00
6353	1509266961	3600		260.98		 167462901		-999.00
6354	1509270561	3600		261.32		 167462901		-999.00
6355	1509233361	-33600		261.66		 167462901		-999.00
6346	1509273715	1200		270.88		 195215853		1180.00
6346	1509277315	3600		270.82		 193217023		1180.00
6346	1509280915	3600		270.09		 192754124		1027.00
6346	1509284515	3600		270.51		 183976835		1170.00
6346	1509288115	3600		269.89		 180644715		1141.00
6346	1509291715	3600		269.73		 163698245		1150.00
6346	1509295315	3600		269.31		 149742296		1136.00
6346	1509298915	3600		268.99		 139020196		1128.00
6346	1509302515	3600		268.66		 128275499		1117.00
6346	1509306115	3600		268.34		 117359828		1112.00
6346	1509309715	3600		268.09		 108946678		1103.00
6346	1509313315	3600		267.83		 100461029		1098.00
6346	1509316915	3600		267.28		  93814291		1093.00
6346	1509320515	3600		267.09		  87405711		1088.00
6346	1509324115	3600		266.90		  81047417		1080.00
6346	1509327715	3600		266.74		  75635508		1066.00
6346	1509331315	3600		266.55		  69583348		1065.00
6346	1509334915	3600		266.16		  62074396		1057.00
6346	1509335058	143		261.30		  63571520		 48.50
6347	1509336258	1200		260.79		  63571520		-999.00
6348	1509339858	3600		260.94		  63571520		-999.00
6349	1509343458	3600		264.11		  63571520		-999.00
6350	1509347058	3600		264.11		  63571520		-999.00
6351	1509350658	3600		260.93		  63571520		-999.00
6352	1509354258	3600		260.93		  63571520		-999.00
6353	1509357858	3600		261.28		  63571520		-999.00
6354	1509335058	-22800		261.30		  63571520		-999.00
6347	1509360447	1200		270.83		 195581537		1197.00
6347	1509364047	3600		270.75		 192857526		1198.00
6347	1509367647	3600		270.77		 193661461		1194.00
6347	1509371247	3600		270.57		 187387921		1139.00
6347	1509373889	2642		270.24		 176129760		1188.00
6348	1509375089	1200		264.22		 176129760		-999.00
6349	1509378689	3600		263.49		 176129760		-999.00
6350	1509382289	3600		261.19		 176129760		-999.00
6351	1509385889	3600		260.85		 176129760		-999.00
6352	1509389489	3600		260.85		 176129760		-999.00
6353	1509373889	-15600		261.95		 176129760		-999.00
6348	1509392461	1200		270.81		 195320801		1210.00
6348	1509396061	3600		270.74		 193067525		1208.00
6348	1509399661	3600		270.76		 193650456		1206.00
6348	1509403261	3600		270.14		 184508528		1043.00
6348	1509406861	3600		270.51		 185322809		1189.00
6348	1509407899	1038		270.05		 169951405		1192.00
6349	1509409099	1200		264.25		 169951405		-999.00
6350	1509412699	3600		264.25		 169951405		-999.00
6351	1509416299	3600		260.93		 169951405		-999.00
6352	1509419899	3600		260.76		 169951405		-999.00
6353	1509407899	-12000		261.95		 169951405		-999.00
6349	1509421547	1200		270.79		 194416206		1211.00
6349	1509425147	3600		270.71		 191975870		1216.00
6349	1509428747	3600		270.66		 190245748		1207.00
6349	1509431369	2622		270.67		 190468264		1208.00
6350	1509432569	1200		264.23		 190468264		-999.00
6351	1509436169	3600		264.23		 190468264		-999.00
6352	1509439769	3600		261.23		 190468264		-999.00
6353	1509443369	3600		261.23		 190468264		-999.00
6354	1509446969	3600		261.23		 190468264		-999.00
6355	1509450569	3600		261.23		 190468264		-999.00
6356	1509454169	3600		261.24		 190468264		-999.00
6357	1509457769	3600		260.90		 190468264		-999.00
6358	1509431369	-26400		261.95		 190468264		-999.00
6351	1509460899	1200		261.09		 191992389		  8.50
6351	1509463247	2348		270.71		 198564392		1211.00
6352	1509464447	1200		264.25		 198564392		-999.00
6353	1509468047	3600		264.25		 198564392		-999.00
6354	1509471647	3600		264.25		 198564392		-999.00
6355	1509475247	3600		264.25		 198564392		-999.00
6356	1509478847	3600		264.25		 198564392		-999.00
6357	1509482447	3600		264.25		 198564392		-999.00
6358	1509486047	3600		264.25		 198564392		-999.00
6359	1509489647	3600		264.25		 198564392		-999.00
6360	1509493247	3600		264.25		 198564392		-999.00
6361	1509496847	3600		264.25		 198564392		-999.00
6362	1509500447	3600		264.25		 198564392		-999.00
6363	1509504047	3600		264.25		 198564392		-999.00
6364	1509507647	3600		264.25		 198564392		-999.00
6365	1509511247	3600		264.25		 198564392		-999.00
6366	1509514847	3600		264.25		 198564392		-999.00
6367	1509518447	3600		264.25		 198564392		-999.00
6368	1509522047	3600		263.73		 198564392		-999.00
6369	1509525647	3600		264.24		 198564392		-999.00
6370	1509529247	3600		261.24		 198564392		-999.00
6371	1509532847	3600		261.24		 198564392		-999.00
6372	1509536447	3600		264.24		 198564392		-999.00
6373	1509540047	3600		264.24		 198564392		-999.00
6374	1509543647	3600		261.09		 198564392		-999.00
6375	1509547247	3600		261.11		 198564392		-999.00
6376	1509550847	3600		261.28		 198564392		-999.00
6377	1509554447	3600		261.28		 198564392		-999.00
6378	1509463247	-91200		261.93		 198564392		-999.00
6355	1509558458	1200		270.48		 195446580		1188.00
6355	1509560666	2208		270.79		 194109487		1209.00
6356	1509561866	1200		264.23		 194109487		-999.00
6357	1509565466	3600		260.71		 194109487		-999.00
6358	1509569066	3600		260.71		 194109487		-999.00
6359	1509560666	-8400		261.96		 194109487		-999.00
6356	1509573756	1200		270.66		 195355610		1212.00
6356	1509577356	3600		270.47		 195486896		1056.00
6356	1509580956	3600		270.71		 192775774		1208.00
6356	1509584556	3600		270.33		 180996713		1208.00
6356	1509588156	3600		270.23		 177959895		1192.00
6356	1509591756	3600		269.65		 158758456		1171.00
6356	1509595356	3600		269.10		 146273983		1172.00
6356	1509598956	3600		268.64		 136703360		1154.00
6356	1509602556	3600		268.29		 124892592		1143.00
6356	1509606156	3600		267.99		 115136051		1106.00
6356	1509609756	3600		267.71		 105812962		1123.00
6356	1509613356	3600		267.50		  98699026		1120.00
6356	1509616034	2678		261.54		  85273906		 10.00
6357	1509617234	1200		261.14		  85273906		-999.00
6358	1509620834	3600		261.14		  85273906		-999.00
6359	1509624434	3600		261.14		  85273906		-999.00
6360	1509628034	3600		260.63		  85273906		-999.00
6361	1509631634	3600		260.63		  85273906		-999.00
6362	1509635234	3600		260.64		  85273906		-999.00
6363	1509616034	-19200		261.54		  85273906		-999.00
6358	1509636992	1200		273.01		 256185975		1253.00
6358	1509640592	3600		271.90		 222023707		1254.00
6358	1509644192	3600		271.67		 214161852		1235.00
6358	1509647792	3600		270.48		 186273117		1234.00
6358	1509651392	3600		270.25		 177961152		1203.00
6358	1509654992	3600		269.71		 160062457		1197.00
6358	1509658592	3600		269.27		 145413123		1181.00
6358	1509662192	3600		268.87		 132052710		1168.00
6358	1509665792	3600		268.64		 124309802		1165.00
6358	1509669392	3600		268.34		 114418048		1151.00
6358	1509672992	3600		267.59		 106401280		1060.00
6358	1509676592	3600		267.50		  97978273		1131.00
6358	1509680192	3600		267.31		  91562627		1121.00
6358	1509683792	3600		267.11		  84838692		1119.00
6358	1509686642	2850		266.82		  80797056		1116.00
6359	1509687842	1200		264.39		  80797056		-999.00
6360	1509691442	3600		261.39		  80797056		-999.00
6361	1509695042	3600		261.22		  80797056		-999.00
6362	1509698642	3600		264.39		  80797056		-999.00
6363	1509702242	3600		260.88		  80797056		-999.00
6364	1509705842	3600		260.88		  80797056		-999.00
6365	1509709442	3600		260.88		  80797056		-999.00
6366	1509686642	-22800		261.39		  80797056		-999.00
6360	1509712486	1200		270.78		 195394841		1233.00
6360	1509716086	3600		270.70		 193205949		1243.00
6360	1509719686	3600		270.70		 193170603		1239.00
6360	1509723286	3600		270.48		 185064490		1255.00
6360	1509726886	3600		270.45		 183897735		1225.00
6360	1509730486	3600		269.92		 166247535		1209.00
6360	1509734086	3600		269.43		 150012081		1193.00
6360	1509737686	3600		268.95		 139818374		1183.00
6360	1509741286	3600		268.60		 128255572		1176.00
6360	1509744886	3600		268.30		 118288289		1162.00
6360	1509748486	3600		268.02		 108955975		1160.00
6360	1509752086	3600		267.76		 100195752		1147.00
6360	1509755686	3600		267.56		  93589896		1142.00
6360	1509759286	3600		267.35		  86640488		1136.00
6360	1509762886	3600		267.19		  81179759		1126.00
6360	1509766486	3600		267.01		  75325728		1124.00
6360	1509770086	3600		266.49		  69740780		1063.00
6360	1509773686	3600		266.37		  65799082		1118.00
6360	1509777286	3600		266.29		  63342736		1114.00
6360	1509780886	3600		266.20		  60069530		1106.00
6360	1509784486	3600		266.09		  56523998		1096.00
6360	1509788086	3600		266.01		  53783129		1098.00
6360	1509791686	3600		265.06		  22381102		1027.00
6360	1509795286	3600		265.46		  35700533		1082.00
6360	1509798558	3272		265.74		  44838388		1082.00
6361	1509799758	1200		261.05		  44838388		-999.00
6362	1509803358	3600		264.05		  44838388		-999.00
6363	1509806958	3600		264.22		  44838388		-999.00
6364	1509810558	3600		260.88		  44838388		-999.00
6365	1509798558	-12000		261.39		  44838388		-999.00
6362	1509814717	1200		270.64		 195853657		1250.00
6362	1509818317	3600		270.60		 194776622		1248.00
6362	1509821917	3600		270.53		 192365006		1254.00
6362	1509825517	3600		270.54		 192675356		1250.00
6362	1509829117	3600		270.37		 181477132		1243.00
6362	1509832717	3600		270.13		 173683952		1226.00
6362	1509836317	3600		269.61		 156193001		1217.00
6362	1509839917	3600		269.33		 147017019		1198.00
6362	1509843517	3600		268.75		 134391568		1191.00
6362	1509847117	3600		268.29		 119097057		1175.00
6362	1509850717	3600		267.98		 108978842		1163.00
6362	1509854317	3600		267.71		  99838878		1154.00
6362	1509857917	3600		267.53		  93730010		1148.00
6362	1509861517	3600		267.31		  86648390		1140.00
6362	1509865117	3600		267.16		  81469424		1140.00
6362	1509868717	3600		266.99		  75900180		1135.00
6362	1509872317	3600		266.68		  71202645		1085.00
6362	1509875917	3600		266.31		  64547476		1126.00
6362	1509879517	3600		266.18		  60414407		1119.00
6362	1509883117	3600		266.06		  56245716		1116.00
6362	1509886717	3600		265.94		  52296875		1109.00
6362	1509890317	3600		265.87		  50026750		1109.00
6362	1509893917	3600		265.79		  47371392		1111.00
6362	1509897517	3600		265.75		  45862303		1107.00
6362	1509899516	1999		265.59		  40670899		1097.00
6363	1509900716	1200		261.20		  40670899		-999.00
6364	1509904316	3600		264.20		  40670899		-999.00
6365	1509907916	3600		261.04		  40670899		-999.00
6366	1509911516	3600		264.39		  40670899		-999.00
6367	1509915116	3600		264.39		  40670899		-999.00
6368	1509918716	3600		264.39		  40670899		-999.00
6369	1509922316	3600		264.39		  40670899		-999.00
6370	1509925916	3600		260.88		  40670899		-999.00
6371	1509929516	3600		260.88		  40670899		-999.00
6372	1509899516	-30000		261.37		  40670899		-999.00
6364	1509933299	1200		270.63		 195418613		1275.00
6364	1509936899	3600		270.62		 194864525		1268.00
6364	1509940499	3600		270.58		 193601301		1268.00
6364	1509944099	3600		270.20		 181457976		1256.00
6364	1509947699	3600		270.48		 185065805		1256.00
6364	1509951299	3600		269.93		 166735373		1239.00
6364	1509954899	3600		269.50		 152505438		1228.00
6364	1509958499	3600		269.15		 141019881		1217.00
6364	1509962099	3600		268.82		 129974989		1211.00
6364	1509965699	3600		268.35		 120040977		1198.00
6364	1509969299	3600		268.05		 109986753		1189.00
6364	1509972899	3600		267.83		 102527111		1180.00
6364	1509976499	3600		267.13		  90836782		1147.00
6364	1509980099	3600		267.07		  88987914		1164.00
6364	1509983699	3600		266.88		  82579846		1159.00
6364	1509987299	3600		266.72		  77372801		1154.00
6364	1509990899	3600		266.59		  72850810		1152.00
6364	1509994499	3600		266.45		  68253416		1146.00
6364	1509998099	3600		265.74		  44706903		1078.00
6364	1510001699	3600		265.45		  34903524		1152.00
6364	1510005299	3600		266.12		  57376302		1133.00
6364	1510008899	3600		266.03		  54220032		1128.00
6364	1510012499	3600		265.93		  50784532		1127.00
6364	1510016099	3600		265.86		  48565148		1124.00
6364	1510019699	3600		265.78		  45986983		1121.00
6364	1510023299	3600		265.70		  43218898		1117.00
6364	1510026899	3600		265.63		  40825195		1117.00
6364	1510030499	3600		265.52		  37183353		1105.00
6364	1510030750	251		265.61		  40282229		687.00
6365	1510031950	1200		261.23		  40282229		-999.00
6366	1510035550	3600		260.72		  40282229		-999.00
6367	1510039150	3600		261.06		  40282229		-999.00
6368	1510042750	3600		259.69		  40282229		-999.00
6369	1510046350	3600		259.52		  40282229		-999.00
6370	1510049950	3600		260.85		  40282229		-999.00
6371	1510053550	3600		261.19		  40282229		-999.00
6372	1510057150	3600		264.36		  40282229		-999.00
6373	1510060750	3600		264.36		  40282229		-999.00
6374	1510064350	3600		264.36		  40282229		-999.00
6375	1510067950	3600		264.36		  40282229		-999.00
6376	1510071550	3600		264.36		  40282229		-999.00
6377	1510075150	3600		264.36		  40282229		-999.00
6378	1510078750	3600		264.36		  40282229		-999.00
6379	1510082350	3600		264.36		  40282229		-999.00
6380	1510085950	3600		264.36		  40282229		-999.00
6381	1510089550	3600		264.36		  40282229		-999.00
6382	1510093150	3600		264.36		  40282229		-999.00
6383	1510096750	3600		264.36		  40282229		-999.00
6384	1510100350	3600		264.36		  40282229		-999.00
6385	1510103950	3600		264.36		  40282229		-999.00
6386	1510107550	3600		264.36		  40282229		-999.00
6387	1510111150	3600		264.36		  40282229		-999.00
6388	1510114750	3600		264.36		  40282229		-999.00
6389	1510118350	3600		264.36		  40282229		-999.00
6390	1510121950	3600		264.36		  40282229		-999.00
6391	1510125550	3600		264.36		  40282229		-999.00
6392	1510129150	3600		264.36		  40282229		-999.00
6393	1510132750	3600		260.85		  40282229		-999.00
6394	1510136350	3600		260.85		  40282229		-999.00
6395	1510139950	3600		260.85		  40282229		-999.00
6396	1510143550	3600		261.19		  40282229		-999.00
6397	1510147150	3600		260.85		  40282229		-999.00
6398	1510150750	3600		261.02		  40282229		-999.00
6399	1510154350	3600		261.02		  40282229		-999.00
6400	1510157950	3600		261.02		  40282229		-999.00
6401	1510161550	3600		261.02		  40282229		-999.00
6402	1510165150	3600		261.02		  40282229		-999.00
6403	1510168750	3600		261.02		  40282229		-999.00
6404	1510172350	3600		261.02		  40282229		-999.00
6405	1510175950	3600		261.02		  40282229		-999.00
6406	1510179550	3600		264.36		  40282229		-999.00
6407	1510183150	3600		260.86		  40282229		-999.00
6408	1510186750	3600		261.02		  40282229		-999.00
6409	1510030750	-156000		261.40		  40282229		-999.00
6370	1510188441	1200		270.63		 196005068		1275.00
6370	1510192041	3600		270.61		 195361671		1265.00
6370	1510195641	3600		270.49		 191141316		1281.00
6370	1510199241	3600		270.12		 178876543		1260.00
6370	1510202841	3600		269.91		 171916530		1247.00
6370	1510206441	3600		269.44		 156092118		1235.00
6370	1510210041	3600		269.07		 144021724		1227.00
6370	1510213641	3600		268.62		 134393542		1211.00
6370	1510217241	3600		267.56		 105474127		1083.00
6370	1510220841	3600		264.76		  12179611		1066.00
6370	1510221340	499		264.44		   1449662		1065.00
6371	1510222540	1200		264.40		   1449662		-999.00
6372	1510226140	3600		261.02		   1449662		-999.00
6373	1510229740	3600		260.85		   1449662		-999.00
6374	1510233340	3600		261.37		   1449662		-999.00
6375	1510221340	-12000		261.40		   1449662		-999.00
6371	1510234657	1200		270.86		 193453894		1272.00
6371	1510238257	3600		270.84		 193791734		1293.00
6371	1510241857	3600		270.81		 193037454		1289.00
6371	1510245457	3600		270.38		 179967337		1290.00
6371	1510249057	3600		270.18		 173282089		1263.00
6371	1510252657	3600		269.74		 158541260		1247.00
6371	1510256257	3600		268.94		 144524621		1240.00
6371	1510259857	3600		268.66		 135085965		1227.00
6371	1510263457	3600		268.34		 124557253		1213.00
6371	1510267057	3600		268.02		 113880644		1208.00
6371	1510270657	3600		267.79		 106028511		1197.00
6371	1510274257	3600		267.54		  97650483		1194.00
6371	1510277857	3600		267.34		  91187721		1189.00
6371	1510281457	3600		267.14		  84502163		1177.00
6371	1510285057	3600		266.98		  79090016		1173.00
6371	1510288657	3600		266.85		  74856573		1168.00
6371	1510292257	3600		266.70		  69916136		1164.00
6371	1510295857	3600		266.35		  63759377		1159.00
6371	1510299457	3600		266.31		  62576626		1154.00
6371	1510303057	3600		266.22		  59504097		1155.00
6371	1510306657	3600		266.12		  55985328		1148.00
6371	1510310257	3600		266.04		  53404476		1146.00
6371	1510313857	3600		265.95		  50610225		1143.00
6371	1510317457	3600		265.06		  26467621		1067.00
6371	1510319386	1929		264.44		   5741599		1078.00
6372	1510320586	1200		261.27		   5741599		-999.00
6373	1510324186	3600		261.27		   5741599		-999.00
6374	1510327786	3600		261.27		   5741599		-999.00
6375	1510331386	3600		261.27		   5741599		-999.00
6376	1510334986	3600		261.27		   5741599		-999.00
6377	1510338586	3600		260.76		   5741599		-999.00
6378	1510342186	3600		261.27		   5741599		-999.00
6379	1510345786	3600		261.10		   5741599		-999.00
6380	1510349386	3600		261.10		   5741599		-999.00
6381	1510352986	3600		260.76		   5741599		-999.00
6382	1510356586	3600		260.76		   5741599		-999.00
6383	1510360186	3600		260.77		   5741599		-999.00
6384	1510363786	3600		260.77		   5741599		-999.00
6385	1510367386	3600		260.77		   5741599		-999.00
6386	1510370986	3600		260.77		   5741599		-999.00
6387	1510374586	3600		260.77		   5741599		-999.00
6388	1510378186	3600		260.77		   5741599		-999.00
6389	1510381786	3600		260.77		   5741599		-999.00
6390	1510385386	3600		260.77		   5741599		-999.00
6391	1510388986	3600		260.77		   5741599		-999.00
6392	1510392586	3600		260.77		   5741599		-999.00
6393	1510396186	3600		260.77		   5741599		-999.00
6394	1510399786	3600		260.77		   5741599		-999.00
6395	1510403386	3600		260.94		   5741599		-999.00
6396	1510406986	3600		260.77		   5741599		-999.00
6397	1510410586	3600		260.77		   5741599		-999.00
6398	1510414186	3600		261.04		   5741599		-999.00
6399	1510417786	3600		260.73		   5741599		-999.00
6400	1510421386	3600		260.73		   5741599		-999.00
6401	1510424986	3600		260.73		   5741599		-999.00
6402	1510319386	-105600		261.27		   5741599		-999.00
6380	1510426207	1200		264.25		     60116		1082.00
6380	1510429807	3600		264.24		     27130		1085.00
6380	1510433407	3600		264.24		     23357		1072.00
6380	1510437007	3600		264.24		     42402		1071.00
6380	1510440607	3600		264.24		     43940		1066.00
6380	1510444207	3600		264.24		     39976		1062.00
6380	1510447807	3600		264.24		     41162		1061.00
6380	1510451407	3600		264.24		     38521		1066.00
6380	1510455007	3600		264.24		     39162		1055.00
6380	1510458607	3600		264.24		     38470		1053.00
6380	1510461234	2627		264.24		     35059		1053.00
6381	1510462434	1200		260.73		     35059		-999.00
6382	1510466034	3600		260.73		     35059		-999.00
6383	1510461234	-4800		260.73		     35059		-999.00
6381	1510468600	1200		264.20		   4174317		1069.00
6381	1510472200	3600		264.19		   3776994		1062.00
6381	1510475800	3600		264.17		   3304380		1059.00
6381	1510479400	3600		264.15		   2666428		1059.00
6381	1510483000	3600		264.14		   2191392		1062.00
6381	1510486600	3600		260.90		   2630616		  9.50
6381	1510489140	2540		260.90		   2501644		  9.50
6382	1510490340	1200		264.24		   2501644		-999.00
6383	1510493940	3600		261.24		   2501644		-999.00
6384	1510489140	-4800		260.90		   2501644		-999.00
6382	1510497351	1200		264.52		   9333204		1074.00
6382	1510499523	2172		264.56		  10574906		1069.00
6383	1510500723	1200		264.24		  10574906		-999.00
6384	1510504323	3600		264.24		  10574906		-999.00
6385	1510507923	3600		260.74		  10574906		-999.00
6386	1510499523	-8400		261.24		  10574906		-999.00
6384	1510510034	1200		264.54		   9542970		1076.00
6384	1510513634	3600		264.57		  10632232		1070.00
6384	1510517234	3600		264.54		   9590240		1069.00
6384	1510520834	3600		264.52		   8870186		1075.00
6384	1510524434	3600		264.50		   8179713		1065.00
6384	1510528034	3600		264.48		   7688819		1063.00
6384	1510531634	3600		264.47		   7178607		1062.00
6384	1510535234	3600		264.45		   6797993		1066.00
6384	1510538834	3600		264.44		   6370012		1063.00
6384	1510542434	3600		264.43		   6041695		1061.00
6384	1510546034	3600		264.42		   5762970		1064.00
6384	1510547156	1122		264.42		   5519630		1063.00
6385	1510548356	1200		264.25		   5519630		-999.00
6386	1510551956	3600		261.28		   5519630		-999.00
6387	1510555556	3600		260.94		   5519630		-999.00
6388	1510547156	-8400		261.25		   5519630		-999.00
6385	1510557400	1200		264.68		  13233628		1056.00
6385	1510561000	3600		264.74		  15081339		1074.00
6385	1510564600	3600		264.69		  13309052		1074.00
6385	1510568200	3600		264.66		  12481763		1067.00
6385	1510571800	3600		264.63		  11544837		1068.00
6385	1510575400	3600		264.61		  10808096		1063.00
6385	1510579000	3600		264.59		  10247918		1065.00
6385	1510582600	3600		264.58		   9622300		1066.00
6385	1510586200	3600		264.56		   9206455		1062.00
6385	1510589800	3600		264.55		   8691674		1063.00
6385	1510593400	3600		264.54		   8349740		1090.00
6385	1510597000	3600		264.53		   8020440		1063.00
6385	1510600600	3600		264.51		   7609384		1058.00
6385	1510604200	3600		264.50		   7234929		1060.00
6385	1510607800	3600		264.50		   6974855		1067.00
6385	1510611400	3600		264.49		   6657659		1060.00
6385	1510615000	3600		264.48		   6392501		1062.00
6385	1510618600	3600		264.47		   6204609		1058.00
6385	1510622200	3600		264.46		   5934499		1060.00
6385	1510625800	3600		264.46		   5747756		1064.00
6385	1510629400	3600		264.45		   5506979		1059.00
6385	1510633000	3600		264.45		   5347612		1058.00
6385	1510636600	3600		264.44		   5125670		1057.00
6385	1510640200	3600		264.44		   4952386		1060.00
6385	1510643800	3600		264.43		   4822085		1061.00
6385	1510647400	3600		264.43		   4630960		1058.00
6385	1510648816	1416		264.40		   3821149		1058.00
6386	1510650016	1200		260.77		   3821149		-999.00
6387	1510653616	3600		261.29		   3821149		-999.00
6388	1510648816	-4800		261.29		   3821149		-999.00
6386	1510657518	1200		264.71		  13973753		1077.00
6386	1510661118	3600		264.77		  16208355		1068.00
6386	1510664718	3600		264.72		  14523845		1065.00
6386	1510668318	3600		264.69		  13424937		1069.00
6386	1510671918	3600		264.66		  12388332		1062.00
6386	1510675518	3600		264.64		  11667345		1066.00
6386	1510679118	3600		264.62		  10966490		1062.00
6386	1510682718	3600		264.60		  10284179		1059.00
6386	1510686318	3600		264.58		   9798582		1064.00
6386	1510689918	3600		264.56		   9248317		1061.00
6386	1510693518	3600		264.55		   8810084		1058.00
6386	1510697118	3600		264.54		   8445679		1063.00
6386	1510697835	717		264.53		   8249398		1060.00
6387	1510699035	1200		264.29		   8249398		-999.00
6388	1510702635	3600		260.78		   8249398		-999.00
6389	1510697835	-4800		261.29		   8249398		-999.00
6390	1510704714	1200		264.29		   8249398		-999.00
6391	1510708314	3600		260.79		   8249398		-999.00
6392	1510703514	-4800		261.29		   8249398		-999.00
6393	1510712452	1200		264.31		   8249398		-999.00
6394	1510716052	3600		260.80		   8249398		-999.00
6395	1510711252	-4800		261.31		   8249398		-999.00
6389	1510718119	1200		264.82		  16840149		1075.00
6389	1510721719	3600		264.77		  15116080		1069.00
6389	1510725319	3600		264.73		  13775937		1068.00
6389	1510728919	3600		264.70		  12665911		1065.00
6389	1510732519	3600		264.67		  11828557		1062.00
6389	1510736119	3600		264.65		  10998255		1061.00
6389	1510739719	3600		264.63		  10442152		1063.00
6389	1510742286	2567		264.61		   9923663		1062.00
6390	1510743486	1200		264.32		   9923663		-999.00
6391	1510747086	3600		264.12		   9923663		-999.00
6392	1510750686	3600		264.29		   9923663		-999.00
6393	1510754286	3600		264.29		   9923663		-999.00
6394	1510742286	-12000		264.32		   9923663		-999.00
6390	1510756364	1200		264.79		  16557370		1059.00
6390	1510759964	3600		264.74		  15108971		1067.00
6390	1510763564	3600		264.70		  13809010		1065.00
6390	1510767164	3600		264.67		  12668729		1060.00
6390	1510770764	3600		264.64		  11827364		1058.00
6390	1510774364	3600		264.63		  11180353		1066.00
6390	1510777964	3600		264.60		  10473477		1059.00
6390	1510781564	3600		264.59		  10017760		1061.00
6390	1510783750	2186		264.58		   9627269		1066.00
6391	1510784950	1200		264.29		   9627269		-999.00
6392	1510788550	3600		264.29		   9627269		-999.00
6393	1510792150	3600		264.29		   9627269		-999.00
6394	1510795750	3600		264.29		   9627269		-999.00
6395	1510799350	3600		261.29		   9627269		-999.00
6396	1510802950	3600		260.78		   9627269		-999.00
6397	1510783750	-19200		261.29		   9627269		-999.00
6392	1510805469	1200		264.78		  15838487		1068.00
6392	1510809069	3600		264.73		  14379699		1066.00
6392	1510812669	3600		264.71		  13717683		1066.00
6392	1510816269	3600		264.68		  12564419		1067.00
6392	1510819869	3600		264.65		  11748239		1059.00
6392	1510823469	3600		264.63		  11107080		1064.00
6392	1510827069	3600		264.61		  10405368		1061.00
6392	1510830669	3600		264.60		   9906928		1061.00
6392	1510834269	3600		264.58		   9334815		1055.00
6392	1510836884	2615		264.57		   9053766		1060.00
6393	1510838084	1200		261.30		   9053766		-999.00
6394	1510841684	3600		261.30		   9053766		-999.00
6395	1510845284	3600		261.30		   9053766		-999.00
6396	1510848884	3600		263.98		   9053766		-999.00
6397	1510852484	3600		261.32		   9053766		-999.00
6398	1510856084	3600		260.81		   9053766		-999.00
6399	1510859684	3600		264.32		   9053766		-999.00
6400	1510863284	3600		260.81		   9053766		-999.00
6401	1510836884	-26400		261.30		   9053766		-999.00
6396	1510866432	1200		264.45		  10020099		1054.00
6396	1510870032	3600		264.43		   9097277		1065.00
6396	1510873632	3600		264.40		   8057970		1058.00
6396	1510877232	3600		264.38		   7400465		1056.00
6396	1510880832	3600		264.36		   6819026		1055.00
6396	1510884432	3600		264.35		   6400767		1057.00
6396	1510888032	3600		264.33		   5962923		1058.00
6396	1510891632	3600		264.32		   5665020		1058.00
6396	1510895232	3600		264.31		   5327501		1059.00
6396	1510898832	3600		264.30		   5044390		1056.00
6396	1510902432	3600		264.30		   4829652		1053.00
6396	1510906032	3600		264.29		   4586734		1053.00
6396	1510909632	3600		264.29		   4416232		1055.00
6396	1510913232	3600		264.45		   4225252		1044.00
6396	1510916832	3600		264.44		   4020481		1050.00
6396	1510920432	3600		264.44		   3882114		1048.00
6396	1510924032	3600		264.44		   3728296		1049.00
6396	1510927632	3600		264.43		   3560457		1052.00
6396	1510931232	3600		264.43		   3484038		1052.00
6396	1510934832	3600		264.42		   3335280		1048.00
6396	1510938432	3600		264.42		   3239038		1048.00
6396	1510942032	3600		264.42		   3106999		1052.00
6396	1510945632	3600		264.41		   3021183		1048.00
6396	1510949232	3600		264.41		   2902657		1052.00
6396	1510952832	3600		264.41		   2825344		1042.00
6396	1510956432	3600		264.41		   2734958		1050.00
6396	1510960032	3600		264.40		   2648742		1048.00
6396	1510963632	3600		264.40		   2549383		1053.00
6396	1510967232	3600		264.40		   2489201		1045.00
6396	1510970832	3600		264.40		   2400466		1045.00
6396	1510974432	3600		264.39		   2346579		1047.00
6396	1510978032	3600		264.39		   2263973		1050.00
6396	1510981632	3600		264.39		   2212912		1050.00
6396	1510985232	3600		264.39		   2135113		1040.00
6396	1510988832	3600		264.39		   2076286		1052.00
6396	1510992432	3600		264.38		   2027538		1045.00
6396	1510996032	3600		264.38		   1864049		1043.00
6396	1510999057	3025		264.38		   1928486		1049.00
6397	1511000257	1200		261.32		   1928486		-999.00
6398	1511003857	3600		260.81		   1928486		-999.00
6399	1510999057	-4800		261.15		   1928486		-999.00
6397	1511006405	1200		264.70		  12366070		1060.00
6397	1511010005	3600		264.64		  10499339		1056.00
6397	1511013605	3600		264.64		  10207678		1054.00
6397	1511017205	3600		264.61		   9327230		1056.00
6397	1511020805	3600		264.59		   8727874		1052.00
6397	1511024405	3600		264.57		   8121488		1052.00
6397	1511028005	3600		264.56		   7698246		1049.00
6397	1511031605	3600		264.55		   7232612		1050.00
6397	1511035205	3600		264.54		   6860538		1052.00
6397	1511038805	3600		264.53		   6586797		1053.00
6397	1511042405	3600		264.52		   6239526		1053.00
6397	1511046005	3600		264.51		   5996627		1048.00
6397	1511049605	3600		264.50		   5695964		1049.00
6397	1511053205	3600		264.49		   5495045		1052.00
6397	1511056805	3600		264.49		   5242221		1049.00
6397	1511060405	3600		264.48		   5072544		1051.00
6397	1511064005	3600		264.48		   4881228		1050.00
6397	1511067605	3600		264.47		   4668094		1052.00
6397	1511071205	3600		264.47		   4523558		1047.00
6397	1511074805	3600		264.46		   4331608		1052.00
6397	1511078405	3600		264.46		   4208827		1048.00
6397	1511082005	3600		264.45		   4041280		1050.00
6397	1511085605	3600		264.45		   3929118		1053.00
6397	1511089205	3600		264.44		   3797047		1053.00
6397	1511092805	3600		264.44		   3672860		1048.00
6397	1511096405	3600		264.44		   3536660		1045.00
6397	1511100005	3600		264.43		   3448969		1044.00
6397	1511103605	3600		264.43		   3321893		1047.00
6397	1511107205	3600		264.43		   3242663		1047.00
6397	1511110805	3600		264.42		   3126069		1047.00
6397	1511114396	3591		264.42		   2885999		1048.00
6398	1511115596	1200		261.32		   2885999		-999.00
6399	1511119196	3600		260.82		   2885999		-999.00
6400	1511114396	-4800		261.33		   2885999		-999.00
6398	1511121946	1200		264.69		  12024438		1057.00
6398	1511125546	3600		264.64		  10198579		1054.00
6398	1511129146	3600		264.63		   9877952		1056.00
6398	1511132746	3600		264.60		   9029164		1055.00
6398	1511136346	3600		264.58		   8389533		1050.00
6398	1511139946	3600		264.57		   7920998		1047.00
6398	1511143546	3600		264.55		   7397363		1053.00
6398	1511147146	3600		264.54		   7043437		1052.00
6398	1511150746	3600		264.53		   6606587		1049.00
6398	1511154346	3600		264.52		   6319059		1050.00
6398	1511157946	3600		264.51		   6030557		1045.00
6398	1511161546	3600		264.50		   5758026		1046.00
6398	1511165146	3600		271.74		   5579705		2378.00
6398	1511167533	2387		268.93		   5292717		 10.00
6399	1511168733	1200		268.76		   5292717		-999.00
6400	1511172333	3600		268.76		   5292717		-999.00
6401	1511175933	3600		277.55		   5292717		-999.00
6402	1511167533	-8400		268.93		   5292717		-999.00
6399	1511177151	1200		277.55		  11541558		 10.00
6399	1511180751	3600		277.21		  10505898		  3.00
6399	1511184351	3600		280.56		   8806797		 16.50
6399	1511187951	3600		282.61		   8665069		 16.50
6399	1511191551	3600		284.31		   8034713		  2.50
6399	1511195151	3600		276.82		   7465876		  8.00
6399	1511198751	3600		268.67		   7100649		 10.00
6399	1511202351	3600		263.72		   6686141		967.00
6399	1511205951	3600		263.70		   6236658		948.50
6399	1511209551	3600		263.65		   4382821		961.50
6399	1511213151	3600		263.62		   3300924		962.50
6399	1511216751	3600		263.62		   3289339		957.00
6399	1511220351	3600		263.62		   3320484		957.50
6399	1511223951	3600		263.62		   3286935		957.50
6399	1511227551	3600		263.62		   3299011		960.00
6399	1511231151	3600		263.62		   3288157		957.00
6399	1511234751	3600		263.62		   3303367		959.00
6399	1511238351	3600		263.62		   3284726		960.50
6399	1511240507	2156		263.62		   3300428		956.50
