Fill	Timestamp [s]	Duration [s]	Temperature [K]	Fluence [n_eq/cm2/s]	Leakage_current [mA/cm2]
6185	1505002681	1200		268.07		 118508267		614.00
6185	1505006281	3600		268.27		 125126072		609.50
6185	1505009881	3600		267.67		 116352542		600.50
6185	1505010590	709		267.65		 110131945		570.50
6186	1505011790	1200		264.18		 110131945		-999.00
6187	1505015390	3600		260.67		 110131945		-999.00
6188	1505018990	3600		260.67		 110131945		-999.00
6189	1505010590	-8400		261.18		 110131945		-999.00
6186	1505021470	1200		268.12		 119991631		616.00
6186	1505025070	3600		268.28		 125393140		570.50
6186	1505028670	3600		268.04		 117349591		610.50
6186	1505032270	3600		267.86		 111391928		609.50
6186	1505035870	3600		267.67		 105160098		609.00
6186	1505039470	3600		267.53		 100401622		606.00
6186	1505043070	3600		267.37		  95204483		600.50
6186	1505046670	3600		267.19		  89149001		597.50
6186	1505050270	3600		267.09		  85688482		600.00
6186	1505053870	3600		266.97		  81923300		597.50
6186	1505057470	3600		266.86		  78264619		595.00
6186	1505061070	3600		266.74		  73976958		595.50
6186	1505063162	2092		266.18		  66776910		591.50
6187	1505064362	1200		264.18		  66776910		-999.00
6188	1505067962	3600		264.18		  66776910		-999.00
6189	1505071562	3600		264.18		  66776910		-999.00
6190	1505075162	3600		264.18		  66776910		-999.00
6191	1505078762	3600		264.18		  66776910		-999.00
6192	1505082362	3600		264.18		  66776910		-999.00
6193	1505085962	3600		260.67		  66776910		-999.00
6194	1505089562	3600		260.67		  66776910		-999.00
6195	1505093162	3600		261.18		  66776910		-999.00
6196	1505063162	-30000		261.18		  66776910		-999.00
6189	1505094461	1200		268.03		 117043292		625.00
6189	1505098061	3600		268.26		 124799017		618.00
6189	1505101661	3600		268.00		 116186292		617.50
6189	1505105261	3600		267.88		 112164913		615.00
6189	1505108861	3600		267.67		 105200883		616.00
6189	1505112461	3600		267.54		 100711146		610.00
6189	1505116061	3600		267.23		  95979306		608.50
6189	1505119661	3600		267.12		  89570863		607.00
6189	1505123261	3600		267.00		  85534455		606.50
6189	1505126861	3600		266.90		  82235645		604.50
6189	1505130461	3600		266.77		  77904620		602.50
6189	1505134061	3600		266.67		  74621627		602.50
6189	1505137661	3600		266.55		  70688177		600.50
6189	1505140369	2708		261.43		  65218821		 10.50
6190	1505141569	1200		260.57		  65218821		-999.00
6191	1505145169	3600		260.57		  65218821		-999.00
6192	1505148769	3600		260.57		  65218821		-999.00
6193	1505152369	3600		260.91		  65218821		-999.00
6194	1505155969	3600		260.57		  65218821		-999.00
6195	1505159569	3600		260.57		  65218821		-999.00
6196	1505163169	3600		260.91		  65218821		-999.00
6197	1505166769	3600		261.08		  65218821		-999.00
6198	1505170369	3600		261.08		  65218821		-999.00
6199	1505140369	-30000		261.43		  65218821		-999.00
6191	1505173250	1200		268.15		 122332175		633.50
6191	1505176850	3600		268.40		 130571865		631.00
6191	1505180450	3600		268.11		 120960656		629.00
6191	1505184050	3600		267.91		 114262446		622.50
6191	1505187650	3600		267.70		 107384744		624.00
6191	1505191250	3600		267.57		 102940984		621.00
6191	1505194850	3600		267.35		  95765274		617.00
6191	1505198450	3600		267.21		  90935121		614.50
6191	1505202050	3600		267.06		  86017443		615.50
6191	1505205650	3600		266.95		  82237926		608.50
6191	1505209250	3600		266.82		  78053264		610.50
6191	1505212850	3600		266.68		  73304744		608.00
6191	1505216450	3600		261.31		  67854919		 10.50
6191	1505216537	87		261.31		  53098585		 10.50
6192	1505217737	1200		260.77		  53098585		-999.00
6193	1505221337	3600		260.77		  53098585		-999.00
6194	1505224937	3600		260.60		  53098585		-999.00
6195	1505216537	-8400		261.31		  53098585		-999.00
6192	1505227327	1200		268.33		 128868603		648.00
6192	1505230927	3600		268.30		 128125955		636.00
6192	1505234527	3600		268.06		 120038159		642.50
6192	1505238074	3547		267.90		 114762872		638.50
6193	1505239274	1200		264.12		 114762872		-999.00
6194	1505242874	3600		260.61		 114762872		-999.00
6195	1505246474	3600		260.78		 114762872		-999.00
6196	1505238074	-8400		261.46		 114762872		-999.00
6193	1505248769	1200		267.95		 121862148		572.00
6193	1505252369	3600		268.23		 125586867		636.50
6193	1505255969	3600		268.00		 117812674		637.50
6193	1505259569	3600		267.84		 112671371		635.00
6193	1505263169	3600		267.60		 104454696		633.00
6193	1505266613	3444		267.38		  97314188		631.50
6194	1505267813	1200		261.10		  97314188		-999.00
6195	1505271413	3600		260.59		  97314188		-999.00
6196	1505275013	3600		261.41		  97314188		-999.00
6197	1505278613	3600		261.41		  97314188		-999.00
6198	1505266613	-12000		261.46		  97314188		-999.00
6194	1505280510	1200		264.81		  19782812		580.50
6194	1505284110	3600		264.85		  20966850		576.00
6194	1505287710	3600		264.71		  16512362		571.00
6194	1505291310	3600		256.00		  13274546		 16.00
6194	1505294910	3600		255.83		  17004860		 16.00
6194	1505298510	3600		255.66		  13376837		 16.00
6194	1505301821	3311		255.66		   9939595		 16.00
6195	1505303021	1200		258.66		   9939595		-999.00
6196	1505306621	3600		258.66		   9939595		-999.00
6197	1505310221	3600		258.66		   9939595		-999.00
6198	1505313821	3600		258.66		   9939595		-999.00
6199	1505317421	3600		258.66		   9939595		-999.00
6200	1505321021	3600		258.66		   9939595		-999.00
6201	1505324621	3600		258.66		   9939595		-999.00
6202	1505328221	3600		258.66		   9939595		-999.00
6203	1505331821	3600		258.66		   9939595		-999.00
6204	1505335421	3600		258.66		   9939595		-999.00
6205	1505339021	3600		258.66		   9939595		-999.00
6206	1505342621	3600		258.66		   9939595		-999.00
6207	1505346221	3600		258.66		   9939595		-999.00
6208	1505349821	3600		258.66		   9939595		-999.00
6209	1505353421	3600		258.66		   9939595		-999.00
6210	1505357021	3600		258.66		   9939595		-999.00
6211	1505360621	3600		258.66		   9939595		-999.00
6212	1505364221	3600		258.66		   9939595		-999.00
6213	1505367821	3600		258.66		   9939595		-999.00
6214	1505371421	3600		258.66		   9939595		-999.00
6215	1505375021	3600		258.66		   9939595		-999.00
6216	1505378621	3600		258.66		   9939595		-999.00
6217	1505382221	3600		258.66		   9939595		-999.00
6218	1505385821	3600		258.66		   9939595		-999.00
6219	1505389421	3600		258.66		   9939595		-999.00
6220	1505393021	3600		258.66		   9939595		-999.00
6221	1505396621	3600		258.66		   9939595		-999.00
6222	1505400221	3600		258.66		   9939595		-999.00
6223	1505403821	3600		258.66		   9939595		-999.00
6224	1505407421	3600		258.76		   9939595		-999.00
6225	1505411021	3600		258.76		   9939595		-999.00
6226	1505414621	3600		258.76		   9939595		-999.00
6227	1505418221	3600		258.76		   9939595		-999.00
6228	1505421821	3600		258.76		   9939595		-999.00
6229	1505425421	3600		258.76		   9939595		-999.00
6230	1505429021	3600		258.76		   9939595		-999.00
6231	1505432621	3600		258.76		   9939595		-999.00
6232	1505436221	3600		258.76		   9939595		-999.00
6233	1505439821	3600		258.76		   9939595		-999.00
6234	1505443421	3600		258.76		   9939595		-999.00
6235	1505447021	3600		258.76		   9939595		-999.00
6236	1505450621	3600		258.76		   9939595		-999.00
6237	1505454221	3600		258.76		   9939595		-999.00
6238	1505457821	3600		258.76		   9939595		-999.00
6239	1505461421	3600		258.76		   9939595		-999.00
6240	1505465021	3600		258.76		   9939595		-999.00
6241	1505468621	3600		258.66		   9939595		-999.00
6242	1505472221	3600		258.83		   9939595		-999.00
6243	1505475821	3600		258.93		   9939595		-999.00
6244	1505479421	3600		258.93		   9939595		-999.00
6245	1505483021	3600		258.93		   9939595		-999.00
6246	1505486621	3600		258.93		   9939595		-999.00
6247	1505490221	3600		258.93		   9939595		-999.00
6248	1505493821	3600		258.93		   9939595		-999.00
6249	1505497421	3600		258.93		   9939595		-999.00
6250	1505501021	3600		258.93		   9939595		-999.00
6251	1505504621	3600		258.93		   9939595		-999.00
6252	1505508221	3600		258.93		   9939595		-999.00
6253	1505511821	3600		258.93		   9939595		-999.00
6254	1505515421	3600		258.93		   9939595		-999.00
6255	1505519021	3600		258.93		   9939595		-999.00
6256	1505522621	3600		258.93		   9939595		-999.00
6257	1505526221	3600		258.93		   9939595		-999.00
6258	1505529821	3600		258.93		   9939595		-999.00
6259	1505533421	3600		258.93		   9939595		-999.00
6260	1505537021	3600		258.93		   9939595		-999.00
6261	1505540621	3600		258.93		   9939595		-999.00
6262	1505544221	3600		258.93		   9939595		-999.00
6263	1505547821	3600		258.93		   9939595		-999.00
6264	1505551421	3600		258.93		   9939595		-999.00
6265	1505555021	3600		258.93		   9939595		-999.00
6266	1505558621	3600		258.93		   9939595		-999.00
6267	1505562221	3600		258.93		   9939595		-999.00
6268	1505565821	3600		258.93		   9939595		-999.00
6269	1505569421	3600		258.93		   9939595		-999.00
6270	1505573021	3600		258.93		   9939595		-999.00
6271	1505576621	3600		258.93		   9939595		-999.00
6272	1505580221	3600		258.93		   9939595		-999.00
6273	1505583821	3600		258.93		   9939595		-999.00
6274	1505587421	3600		258.93		   9939595		-999.00
6275	1505591021	3600		258.93		   9939595		-999.00
6276	1505594621	3600		258.93		   9939595		-999.00
6277	1505598221	3600		258.93		   9939595		-999.00
6278	1505601821	3600		258.93		   9939595		-999.00
6279	1505605421	3600		258.93		   9939595		-999.00
6280	1505609021	3600		258.93		   9939595		-999.00
6281	1505612621	3600		258.93		   9939595		-999.00
6282	1505616221	3600		258.93		   9939595		-999.00
6283	1505619821	3600		258.93		   9939595		-999.00
6284	1505623421	3600		258.93		   9939595		-999.00
6285	1505627021	3600		258.93		   9939595		-999.00
6286	1505630621	3600		258.93		   9939595		-999.00
6287	1505634221	3600		258.93		   9939595		-999.00
6288	1505637821	3600		258.93		   9939595		-999.00
6289	1505641421	3600		258.93		   9939595		-999.00
6290	1505645021	3600		258.93		   9939595		-999.00
6291	1505648621	3600		258.93		   9939595		-999.00
6292	1505652221	3600		258.93		   9939595		-999.00
6293	1505655821	3600		258.93		   9939595		-999.00
6294	1505659421	3600		258.93		   9939595		-999.00
6295	1505663021	3600		258.93		   9939595		-999.00
6296	1505666621	3600		258.93		   9939595		-999.00
6297	1505670221	3600		258.93		   9939595		-999.00
6298	1505673821	3600		258.93		   9939595		-999.00
6299	1505677421	3600		258.93		   9939595		-999.00
6300	1505681021	3600		258.93		   9939595		-999.00
6301	1505684621	3600		258.93		   9939595		-999.00
6302	1505688221	3600		258.93		   9939595		-999.00
6303	1505691821	3600		258.93		   9939595		-999.00
6304	1505695421	3600		258.93		   9939595		-999.00
6305	1505699021	3600		258.93		   9939595		-999.00
6306	1505702621	3600		258.93		   9939595		-999.00
6307	1505706221	3600		258.93		   9939595		-999.00
6308	1505709821	3600		258.93		   9939595		-999.00
6309	1505713421	3600		259.09		   9939595		-999.00
6310	1505717021	3600		260.55		   9939595		-999.00
6311	1505720621	3600		259.34		   9939595		-999.00
6312	1505724221	3600		263.68		   9939595		-999.00
6313	1505727821	3600		263.68		   9939595		-999.00
6314	1505731421	3600		263.98		   9939595		-999.00
6315	1505735021	3600		263.98		   9939595		-999.00
6316	1505738621	3600		263.98		   9939595		-999.00
6317	1505742221	3600		263.98		   9939595		-999.00
6318	1505745821	3600		263.98		   9939595		-999.00
6319	1505749421	3600		263.98		   9939595		-999.00
6320	1505753021	3600		263.98		   9939595		-999.00
6321	1505756621	3600		263.98		   9939595		-999.00
6322	1505760221	3600		263.98		   9939595		-999.00
6323	1505763821	3600		263.98		   9939595		-999.00
6324	1505767421	3600		263.98		   9939595		-999.00
6325	1505771021	3600		263.98		   9939595		-999.00
6326	1505774621	3600		263.98		   9939595		-999.00
6327	1505778221	3600		263.98		   9939595		-999.00
6328	1505781821	3600		263.98		   9939595		-999.00
6329	1505785421	3600		263.98		   9939595		-999.00
6330	1505789021	3600		263.98		   9939595		-999.00
6331	1505792621	3600		264.15		   9939595		-999.00
6332	1505796221	3600		264.15		   9939595		-999.00
6333	1505799821	3600		263.98		   9939595		-999.00
6334	1505803421	3600		263.98		   9939595		-999.00
6335	1505807021	3600		263.93		   9939595		-999.00
6336	1505810621	3600		263.93		   9939595		-999.00
6337	1505814221	3600		263.93		   9939595		-999.00
6338	1505817821	3600		263.93		   9939595		-999.00
6339	1505821421	3600		263.93		   9939595		-999.00
6340	1505825021	3600		263.93		   9939595		-999.00
6341	1505828621	3600		263.93		   9939595		-999.00
6342	1505832221	3600		264.10		   9939595		-999.00
6343	1505835821	3600		263.93		   9939595		-999.00
6344	1505839421	3600		263.93		   9939595		-999.00
6345	1505843021	3600		264.10		   9939595		-999.00
6346	1505846621	3600		263.93		   9939595		-999.00
6347	1505850221	3600		263.93		   9939595		-999.00
6348	1505853821	3600		263.93		   9939595		-999.00
6349	1505857421	3600		263.93		   9939595		-999.00
6350	1505861021	3600		263.93		   9939595		-999.00
6351	1505864621	3600		263.93		   9939595		-999.00
6352	1505868221	3600		263.93		   9939595		-999.00
6353	1505871821	3600		263.93		   9939595		-999.00
6354	1505875421	3600		263.93		   9939595		-999.00
6355	1505879021	3600		264.27		   9939595		-999.00
6356	1505882621	3600		264.27		   9939595		-999.00
6357	1505886221	3600		264.27		   9939595		-999.00
6358	1505889821	3600		264.10		   9939595		-999.00
6359	1505893421	3600		263.93		   9939595		-999.00
6360	1505897021	3600		263.76		   9939595		-999.00
6361	1505900621	3600		263.93		   9939595		-999.00
6362	1505904221	3600		263.93		   9939595		-999.00
6363	1505907821	3600		264.10		   9939595		-999.00
6364	1505911421	3600		255.89		   9939595		-999.00
6365	1505915021	3600		255.89		   9939595		-999.00
6366	1505918621	3600		255.89		   9939595		-999.00
6367	1505922221	3600		255.89		   9939595		-999.00
6368	1505925821	3600		255.89		   9939595		-999.00
6369	1505929421	3600		255.89		   9939595		-999.00
6370	1505933021	3600		260.21		   9939595		-999.00
6371	1505936621	3600		264.06		   9939595		-999.00
6372	1505940221	3600		264.75		   9939595		-999.00
6373	1505943821	3600		261.41		   9939595		-999.00
6374	1505947421	3600		261.41		   9939595		-999.00
6375	1505951021	3600		261.41		   9939595		-999.00
6376	1505954621	3600		261.41		   9939595		-999.00
6377	1505958221	3600		261.41		   9939595		-999.00
6378	1505961821	3600		261.41		   9939595		-999.00
6379	1505965421	3600		261.41		   9939595		-999.00
6380	1505969021	3600		264.41		   9939595		-999.00
6381	1505972621	3600		264.41		   9939595		-999.00
6382	1505976221	3600		264.41		   9939595		-999.00
6383	1505979821	3600		264.40		   9939595		-999.00
6384	1505983421	3600		264.40		   9939595		-999.00
6385	1505987021	3600		264.40		   9939595		-999.00
6386	1505990621	3600		261.40		   9939595		-999.00
6387	1505994221	3600		261.40		   9939595		-999.00
6388	1505997821	3600		261.23		   9939595		-999.00
6389	1506001421	3600		261.06		   9939595		-999.00
6390	1506005021	3600		260.86		   9939595		-999.00
6391	1506008621	3600		260.86		   9939595		-999.00
6392	1506012221	3600		260.68		   9939595		-999.00
6393	1506015821	3600		261.03		   9939595		-999.00
6394	1506019421	3600		260.69		   9939595		-999.00
6395	1506023021	3600		260.86		   9939595		-999.00
6396	1506026621	3600		261.03		   9939595		-999.00
6397	1506030221	3600		260.70		   9939595		-999.00
6398	1506033821	3600		260.70		   9939595		-999.00
6399	1506037421	3600		261.06		   9939595		-999.00
6400	1506041021	3600		260.72		   9939595		-999.00
6401	1506044621	3600		260.72		   9939595		-999.00
6402	1506048221	3600		261.06		   9939595		-999.00
6403	1506051821	3600		260.72		   9939595		-999.00
6404	1506055421	3600		260.72		   9939595		-999.00
6405	1506059021	3600		260.90		   9939595		-999.00
6406	1506062621	3600		260.73		   9939595		-999.00
6407	1506066221	3600		260.73		   9939595		-999.00
6408	1506069821	3600		260.73		   9939595		-999.00
6409	1506073421	3600		261.07		   9939595		-999.00
6410	1506077021	3600		263.90		   9939595		-999.00
6411	1506080621	3600		261.07		   9939595		-999.00
6412	1506084221	3600		260.90		   9939595		-999.00
6413	1506087821	3600		260.73		   9939595		-999.00
6414	1506091421	3600		260.73		   9939595		-999.00
6415	1506095021	3600		255.87		   9939595		-999.00
6416	1505301821	-793200		255.66		   9939595		-999.00
6230	1506097353	1200		255.87		     88504		 15.00
6230	1506100953	3600		255.87		     81182		 15.00
6230	1506103661	2708		255.87		     69479		 15.00
6231	1506104861	1200		255.87		     69479		-999.00
6232	1506108461	3600		255.87		     69479		-999.00
6233	1506112061	3600		255.87		     69479		-999.00
6234	1506115661	3600		255.87		     69479		-999.00
6235	1506119261	3600		255.87		     69479		-999.00
6236	1506122861	3600		255.87		     69479		-999.00
6237	1506126461	3600		255.87		     69479		-999.00
6238	1506130061	3600		255.87		     69479		-999.00
6239	1506133661	3600		255.87		     69479		-999.00
6240	1506137261	3600		255.87		     69479		-999.00
6241	1506140861	3600		255.87		     69479		-999.00
6242	1506144461	3600		255.87		     69479		-999.00
6243	1506148061	3600		255.70		     69479		-999.00
6244	1506151661	3600		255.70		     69479		-999.00
6245	1506155261	3600		255.87		     69479		-999.00
6246	1506158861	3600		261.27		     69479		-999.00
6247	1506103661	-55200		255.87		     69479		-999.00
6236	1506163260	1200		264.12		   3720895		550.00
6236	1506166860	3600		264.13		   3868634		547.00
6236	1506170460	3600		264.12		   3620819		544.50
6236	1506174060	3600		264.11		   3380521		543.00
6236	1506174452	392		264.11		   3321104		543.00
6237	1506175652	1200		260.66		   3321104		-999.00
6238	1506179252	3600		260.83		   3321104		-999.00
6239	1506182852	3600		260.83		   3321104		-999.00
6240	1506174452	-8400		261.01		   3321104		-999.00
6238	1506186718	1200		265.84		  49737870		580.00
6238	1506190318	3600		265.13		  37433427		529.50
6238	1506193918	3600		264.03		    773940		545.50
6238	1506197518	3600		264.03		    779082		544.50
6238	1506201118	3600		264.03		    788379		543.50
6238	1506204718	3600		264.03		    770884		542.50
6238	1506206288	1570		264.03		    788534		544.00
6239	1506207488	1200		260.67		    788534		-999.00
6240	1506211088	3600		260.68		    788534		-999.00
6241	1506206288	-4800		260.84		    788534		-999.00
6239	1506215748	1200		267.50		 103878126		606.00
6239	1506219348	3600		267.64		 108749798		573.00
6239	1506222948	3600		267.41		 100982041		607.00
6239	1506226548	3600		267.11		  91150386		599.50
6239	1506230148	3600		266.92		  84586982		598.50
6239	1506233748	3600		266.75		  79150212		595.00
6239	1506235806	2058		266.48		  69836781		594.00
6240	1506237006	1200		263.85		  69836781		-999.00
6241	1506240606	3600		260.85		  69836781		-999.00
6242	1506244206	3600		260.85		  69836781		-999.00
6243	1506235806	-8400		261.38		  69836781		-999.00
6240	1506245466	1200		268.62		 137027590		641.00
6240	1506249066	3600		268.71		 139895171		635.50
6240	1506252666	3600		268.46		 131536415		633.50
6240	1506256266	3600		268.26		 125104127		627.50
6240	1506259866	3600		267.99		 116122499		626.50
6240	1506263466	3600		267.84		 111142600		623.50
6240	1506267066	3600		267.60		 102909573		619.00
6240	1506270666	3600		267.37		  95180801		616.00
6240	1506274266	3600		267.14		  87504810		616.00
6240	1506277866	3600		267.03		  83896534		613.00
6240	1506281466	3600		266.88		  78833503		609.50
6240	1506285066	3600		266.72		  73611403		608.50
6240	1506287847	2781		266.37		  67572881		604.00
6241	1506289047	1200		263.82		  67572881		-999.00
6242	1506292647	3600		261.16		  67572881		-999.00
6243	1506296247	3600		260.82		  67572881		-999.00
6244	1506287847	-8400		261.34		  67572881		-999.00
6241	1506298039	1200		269.55		 163226110		673.00
6241	1506301639	3600		269.64		 166304668		664.50
6241	1506305239	3600		269.30		 155113554		658.50
6241	1506308839	3600		269.02		 145645122		653.50
6241	1506312439	3600		268.66		 133784328		654.00
6241	1506316039	3600		268.49		 128027173		649.50
6241	1506319639	3600		268.19		 117951015		643.00
6241	1506323239	3600		267.97		 110790367		639.00
6241	1506326839	3600		267.74		 103106531		638.00
6241	1506330439	3600		267.52		  95541196		634.00
6241	1506334039	3600		267.32		  88954744		630.50
6241	1506337639	3600		266.93		  83267231		626.50
6241	1506341239	3600		266.76		  77316587		625.00
6241	1506343449	2210		266.35		  69316574		619.00
6242	1506344649	1200		263.93		  69316574		-999.00
6243	1506348249	3600		260.75		  69316574		-999.00
6244	1506351849	3600		260.75		  69316574		-999.00
6245	1506355449	3600		260.75		  69316574		-999.00
6246	1506359049	3600		260.75		  69316574		-999.00
6247	1506343449	-15600		261.27		  69316574		-999.00
6243	1506360492	1200		269.44		 160792596		684.50
6243	1506364092	3600		269.71		 169889615		676.00
6243	1506367692	3600		269.39		 159063112		676.50
6243	1506371292	3600		269.11		 149713717		669.50
6243	1506374892	3600		268.80		 139552963		667.00
6243	1506378492	3600		268.56		 131520624		660.00
6243	1506382092	3600		268.31		 123067115		658.50
6243	1506385692	3600		268.04		 114140393		655.50
6243	1506389292	3600		267.85		 107690232		653.50
6243	1506392892	3600		267.69		 102511450		649.00
6243	1506396492	3600		267.43		  93622853		644.50
6243	1506400092	3600		267.22		  86698089		641.00
6243	1506403692	3600		267.07		  81787272		642.00
6243	1506405939	2247		266.50		  74307163		641.00
6244	1506407139	1200		263.76		  74307163		-999.00
6245	1506410739	3600		263.76		  74307163		-999.00
6246	1506414339	3600		264.27		  74307163		-999.00
6247	1506417939	3600		263.76		  74307163		-999.00
6248	1506421539	3600		264.27		  74307163		-999.00
6249	1506405939	-15600		264.27		  74307163		-999.00
6245	1506423986	1200		269.74		 170170005		699.50
6245	1506427586	3600		269.80		 172322314		692.00
6245	1506431186	3600		269.46		 160858338		690.00
6245	1506434786	3600		269.19		 151798129		681.50
6245	1506438386	3600		268.85		 140439674		682.00
6245	1506441986	3600		268.65		 134028301		676.50
6245	1506445586	3600		268.33		 123340723		671.50
6245	1506449186	3600		268.11		 115937414		669.50
6245	1506452786	3600		267.87		 107726980		663.50
6245	1506456386	3600		267.64		 100340345		660.00
6245	1506459986	3600		267.42		  92892169		655.50
6245	1506463586	3600		267.25		  87271006		647.50
6245	1506466944	3358		266.77		  82502373		650.00
6246	1506468144	1200		260.76		  82502373		-999.00
6247	1506471744	3600		260.76		  82502373		-999.00
6248	1506475344	3600		260.76		  82502373		-999.00
6249	1506478944	3600		260.76		  82502373		-999.00
6250	1506482544	3600		260.76		  82502373		-999.00
6251	1506486144	3600		260.76		  82502373		-999.00
6252	1506466944	-19200		261.29		  82502373		-999.00
6247	1506489822	1200		269.99		 178498077		706.50
6247	1506493422	3600		269.98		 178139946		705.00
6247	1506497022	3600		269.56		 164204472		695.00
6247	1506500622	3600		269.24		 153454885		696.00
6247	1506504222	3600		268.90		 142307680		695.00
6247	1506507822	3600		268.66		 134382934		687.50
6247	1506511422	3600		268.27		 121285920		682.00
6247	1506513911	2489		267.85		 112830886		678.50
