Fill	Timestamp [s]	Duration [s]	Temperature [K]	Fluence [n_eq/cm2/s]	Leakage_current [mA/cm2]
7211	1537697396	1200		263.74		   5341247		1106.00
7211	1537700996	3600		264.10		   5787091		1152.00
7211	1537704596	3600		264.11		   5244132		1152.00
7211	1537708196	3600		263.93		   4924140		1127.00
7211	1537710680	2484		260.55		   4899619		 10.50
-999	1537711880	1200		260.66		         0		-999.00
-999	1537715480	3600		260.33		         0		-999.00
-999	1537719080	3600		260.47		         0		-999.00
-999	1537719764	684		260.59		         0		-999.00
7212	1537720964	1200		265.94		  60171517		1182.00
7212	1537724564	3600		266.35		  66256976		1220.00
7212	1537728164	3600		266.09		  60343141		1209.00
7212	1537731764	3600		265.78		  58017825		1178.00
7212	1537735364	3600		265.67		  55643655		1183.00
7212	1537738964	3600		265.58		  51939951		1176.00
7212	1537739545	581		265.64		  46305145		1210.00
-999	1537740745	1200		260.33		         0		-999.00
-999	1537744345	3600		260.51		         0		-999.00
-999	1537746460	2115		260.72		         0		-999.00
7213	1537747660	1200		269.02		 139884646		1292.00
7213	1537751260	3600		269.25		 147717615		1304.00
7213	1537754860	3600		268.89		 137563566		1305.00
7213	1537758460	3600		268.66		 129715680		1307.00
7213	1537762060	3600		267.87		 120218689		1226.00
7213	1537763357	1297		267.20		  99204484		1228.00
-999	1537764557	1200		260.58		         0		-999.00
-999	1537768157	3600		260.52		         0		-999.00
-999	1537771757	3600		260.52		         0		-999.00
-999	1537775357	3600		263.79		         0		-999.00
-999	1537778957	3600		263.88		         0		-999.00
-999	1537782557	3600		260.42		         0		-999.00
-999	1537786157	3600		260.71		         0		-999.00
-999	1537789599	3442		260.76		         0		-999.00
7217	1537790799	1200		273.51		 259740844		1479.00
7217	1537794399	3600		273.81		 273954147		1459.00
7217	1537797999	3600		273.11		 253703274		1450.00
7217	1537801599	3600		272.39		 232974901		1433.00
7217	1537805199	3600		271.75		 211762271		1426.00
7217	1537808799	3600		271.06		 196196728		1386.00
7217	1537812399	3600		270.47		 179545689		1380.00
7217	1537815999	3600		269.96		 164205869		1367.00
7217	1537819599	3600		269.53		 152115950		1360.00
7217	1537821176	1577		268.89		 132696451		1353.00
-999	1537822376	1200		260.76		         0		-999.00
-999	1537825976	3600		260.31		         0		-999.00
-999	1537829576	3600		263.97		         0		-999.00
-999	1537833176	3600		263.97		         0		-999.00
-999	1537836776	3600		260.40		         0		-999.00
-999	1537838838	2062		260.71		         0		-999.00
7218	1537840038	1200		273.06		 247087840		1476.00
7218	1537843638	3600		273.66		 269234518		1475.00
7218	1537847238	3600		272.94		 247402184		1462.00
7218	1537850838	3600		272.20		 228729030		1435.00
7218	1537854438	3600		271.53		 208069840		1421.00
7218	1537858038	3600		270.97		 193569166		1409.00
7218	1537861638	3600		270.41		 176937328		1391.00
7218	1537865238	3600		269.87		 162303031		1376.00
7218	1537868838	3600		269.44		 153029867		1352.00
7218	1537872438	3600		269.28		 145569368		1363.00
7218	1537876038	3600		268.84		 132928489		1354.00
7218	1537877431	1393		267.99		 110491725		1330.00
-999	1537878631	1200		260.82		         0		-999.00
-999	1537882231	3600		260.28		         0		-999.00
-999	1537885831	3600		260.69		         0		-999.00
-999	1537889431	3600		260.70		         0		-999.00
-999	1537892405	2974		260.58		         0		-999.00
7220	1537893605	1200		263.93		    669729		1177.00
7220	1537897205	3600		260.56		    486275		 10.50
7220	1537898111	906		260.56		    695481		 10.50
-999	1537899311	1200		259.48		         0		-999.00
-999	1537902911	3600		260.61		         0		-999.00
-999	1537906511	3600		260.66		         0		-999.00
-999	1537906841	330		260.66		         0		-999.00
7221	1537908041	1200		273.02		 245156949		1492.00
7221	1537911641	3600		273.30		 259935766		1466.00
7221	1537915241	3600		272.68		 239546808		1464.00
7221	1537918841	3600		272.06		 223328475		1451.00
7221	1537922441	3600		271.42		 205495150		1433.00
7221	1537926041	3600		270.91		 190667501		1420.00
7221	1537929641	3600		270.33		 175392072		1404.00
7221	1537933241	3600		269.89		 162761990		1389.00
7221	1537936841	3600		269.49		 149436388		1380.00
7221	1537940441	3600		269.22		 142334095		1378.00
7221	1537944041	3600		268.81		 132999464		1368.00
7221	1537947641	3600		268.46		 122738510		1348.00
7221	1537951241	3600		268.00		 109553668		1334.00
7221	1537954841	3600		267.61		 100129172		1327.00
7221	1537958441	3600		265.93		  87268489		 10.50
7221	1537960388	1947		265.99		  85948774		 10.50
-999	1537961588	1200		263.59		         0		-999.00
-999	1537965188	3600		263.67		         0		-999.00
-999	1537968788	3600		263.84		         0		-999.00
-999	1537972388	3600		264.00		         0		-999.00
-999	1537975988	3600		263.98		         0		-999.00
-999	1537979588	3600		263.93		         0		-999.00
-999	1537983188	3600		263.98		         0		-999.00
-999	1537986788	3600		263.93		         0		-999.00
-999	1537990388	3600		263.98		         0		-999.00
-999	1537993988	3600		263.81		         0		-999.00
-999	1537997588	3600		263.93		         0		-999.00
-999	1538001188	3600		263.93		         0		-999.00
-999	1538004788	3600		263.93		         0		-999.00
-999	1538008388	3600		263.93		         0		-999.00
-999	1538011988	3600		263.93		         0		-999.00
-999	1538015588	3600		263.93		         0		-999.00
-999	1538019188	3600		263.93		         0		-999.00
-999	1538022788	3600		263.93		         0		-999.00
-999	1538026388	3600		263.93		         0		-999.00
-999	1538029988	3600		263.56		         0		-999.00
-999	1538033588	3600		263.84		         0		-999.00
-999	1538037188	3600		263.57		         0		-999.00
-999	1538040788	3600		263.81		         0		-999.00
-999	1538044388	3600		263.81		         0		-999.00
-999	1538047988	3600		263.81		         0		-999.00
-999	1538051588	3600		260.37		         0		-999.00
-999	1538055188	3600		260.38		         0		-999.00
-999	1538058788	3600		260.64		         0		-999.00
-999	1538062388	3600		260.42		         0		-999.00
-999	1538065988	3600		263.92		         0		-999.00
-999	1538069588	3600		263.92		         0		-999.00
-999	1538073188	3600		263.92		         0		-999.00
-999	1538076788	3600		263.92		         0		-999.00
-999	1538080388	3600		263.92		         0		-999.00
-999	1538083988	3600		263.92		         0		-999.00
-999	1538087588	3600		263.92		         0		-999.00
-999	1538091188	3600		263.92		         0		-999.00
-999	1538094788	3600		263.92		         0		-999.00
-999	1538098388	3600		263.92		         0		-999.00
-999	1538101988	3600		263.92		         0		-999.00
-999	1538105588	3600		260.66		         0		-999.00
-999	1538109188	3600		260.66		         0		-999.00
-999	1538112788	3600		260.66		         0		-999.00
-999	1538116388	3600		260.61		         0		-999.00
-999	1538119988	3600		260.65		         0		-999.00
-999	1538123588	3600		263.88		         0		-999.00
-999	1538127188	3600		263.93		         0		-999.00
-999	1538130788	3600		263.93		         0		-999.00
-999	1538134388	3600		263.53		         0		-999.00
-999	1538137988	3600		263.99		         0		-999.00
-999	1538141588	3600		259.50		         0		-999.00
-999	1538145188	3600		263.98		         0		-999.00
-999	1538148788	3600		263.87		         0		-999.00
-999	1538152388	3600		263.86		         0		-999.00
-999	1538155988	3600		263.93		         0		-999.00
-999	1538159588	3600		263.93		         0		-999.00
-999	1538163188	3600		263.87		         0		-999.00
-999	1538166788	3600		263.87		         0		-999.00
-999	1538170388	3600		263.93		         0		-999.00
-999	1538173988	3600		260.62		         0		-999.00
-999	1538177588	3600		260.44		         0		-999.00
-999	1538178386	798		260.69		         0		-999.00
7234	1538179586	1200		273.12		 248830449		1501.00
7234	1538183186	3600		273.71		 272766440		1490.00
7234	1538186786	3600		272.97		 249833634		1473.00
7234	1538190386	3600		271.95		 233364085		1379.00
7234	1538193986	3600		271.57		 211472298		1439.00
7234	1538197586	3600		270.93		 195935416		1411.00
7234	1538201186	3600		270.42		 178803205		1399.00
7234	1538204786	3600		269.91		 167468197		1382.00
7234	1538208386	3600		269.51		 152200216		1375.00
7234	1538211986	3600		269.19		 145009239		1361.00
7234	1538215586	3600		268.67		 129820172		1347.00
7234	1538219186	3600		268.39		 122382862		1348.00
7234	1538222786	3600		267.64		 104655341		1321.00
7234	1538223189	403		267.31		  93671191		1323.00
-999	1538224389	1200		260.55		         0		-999.00
-999	1538227989	3600		260.71		         0		-999.00
-999	1538231589	3600		263.71		         0		-999.00
-999	1538235189	3600		260.65		         0		-999.00
-999	1538238789	3600		260.48		         0		-999.00
-999	1538239060	271		260.66		         0		-999.00
7236	1538240260	1200		273.42		 255465592		1533.00
7236	1538243860	3600		273.98		 279351711		1510.00
7236	1538247460	3600		273.12		 256482164		1475.00
7236	1538251060	3600		272.45		 236043818		1477.00
7236	1538254660	3600		271.77		 215554741		1446.00
7236	1538258260	3600		271.05		 195665532		1434.00
7236	1538261860	3600		270.62		 183196833		1424.00
7236	1538265460	3600		270.11		 168283198		1409.00
7236	1538269060	3600		269.65		 154894857		1395.00
7236	1538271393	2333		269.45		 150013811		1390.00
-999	1538272593	1200		263.55		         0		-999.00
-999	1538276193	3600		263.83		         0		-999.00
-999	1538279793	3600		264.00		         0		-999.00
-999	1538283393	3600		264.05		         0		-999.00
-999	1538286993	3600		263.99		         0		-999.00
-999	1538290593	3600		260.69		         0		-999.00
-999	1538294193	3600		260.69		         0		-999.00
-999	1538297793	3600		260.67		         0		-999.00
-999	1538298993	1200		260.64		         0		-999.00
7239	1538300193	1200		273.74		 263548646		1552.00
7239	1538303793	3600		274.14		 281473628		1518.00
7239	1538307393	3600		273.13		 257567973		1484.00
7239	1538310993	3600		272.53		 237109642		1482.00
7239	1538314593	3600		271.88		 218572234		1464.00
7239	1538318193	3600		271.17		 199026730		1447.00
7239	1538320938	2745		270.71		 185783634		1432.00
-999	1538322138	1200		263.88		         0		-999.00
-999	1538325738	3600		260.79		         0		-999.00
-999	1538329338	3600		260.70		         0		-999.00
-999	1538329691	353		260.76		         0		-999.00
7240	1538330891	1200		273.19		 248573508		1530.00
7240	1538334491	3600		273.78		 273645560		1521.00
7240	1538338091	3600		273.08		 251749637		1507.00
7240	1538341691	3600		272.23		 229548675		1486.00
7240	1538345291	3600		271.71		 213344289		1467.00
7240	1538348891	3600		271.12		 195499628		1458.00
7240	1538352491	3600		270.51		 180989133		1436.00
7240	1538354676	2185		270.17		 169811601		1426.00
