Fill	Timestamp [s]	Duration [s]	Temperature [K]	Fluence [n_eq/cm2/s]	Leakage_current [mA/cm2]
7065	1534658222	1200		273.71		 262602466		1246.00
7065	1534661822	3600		274.63		 289572047		1266.00
7065	1534665422	3600		273.77		 267284216		1246.00
7065	1534669022	3600		272.98		 242884899		1232.00
7065	1534672622	3600		272.23		 223398979		1211.00
7065	1534676222	3600		271.57		 203414284		1198.00
7065	1534679822	3600		271.04		 187886946		1189.00
7065	1534683422	3600		270.46		 172328970		1175.00
7065	1534687022	3600		269.98		 158380641		1163.00
7065	1534690622	3600		269.65		 149150805		1155.00
7065	1534694222	3600		269.10		 134908429		1144.00
7065	1534697822	3600		268.76		 123545289		1137.00
7065	1534701422	3600		268.46		 116080214		1127.00
7065	1534703871	2449		267.81		  99100971		1108.00
-999	1534705071	1200		261.05		         0		-999.00
-999	1534708671	3600		260.76		         0		-999.00
-999	1534712271	3600		261.00		         0		-999.00
-999	1534715871	3600		261.00		         0		-999.00
-999	1534719471	3600		260.59		         0		-999.00
-999	1534721378	1907		261.02		         0		-999.00
7069	1534722578	1200		273.32		 244935117		1274.00
7069	1534726178	3600		273.86		 267160857		1263.00
7069	1534729778	3600		273.07		 247119873		1238.00
7069	1534733378	3600		272.41		 226780420		1223.00
7069	1534736978	3600		271.79		 208262897		1214.00
7069	1534740578	3600		271.06		 189599080		1199.00
7069	1534744178	3600		270.55		 174172713		1180.00
7069	1534747778	3600		269.97		 158731823		1175.00
7069	1534751378	3600		269.68		 149447032		1171.00
7069	1534754978	3600		269.29		 139927761		1149.00
7069	1534758578	3600		268.88		 127150584		1148.00
7069	1534762178	3600		268.43		 115784240		1128.00
7069	1534765778	3600		267.94		 101462364		1116.00
7069	1534769062	3284		267.30		  88211743		1098.00
-999	1534770262	1200		260.59		         0		-999.00
-999	1534773862	3600		264.11		         0		-999.00
-999	1534777462	3600		263.82		         0		-999.00
-999	1534781062	3600		263.87		         0		-999.00
-999	1534784662	3600		259.81		         0		-999.00
-999	1534788262	3600		260.88		         0		-999.00
-999	1534791862	3600		264.28		         0		-999.00
-999	1534795462	3600		264.16		         0		-999.00
-999	1534799062	3600		264.16		         0		-999.00
-999	1534802662	3600		264.16		         0		-999.00
-999	1534806262	3600		264.16		         0		-999.00
-999	1534809862	3600		264.16		         0		-999.00
-999	1534813462	3600		264.16		         0		-999.00
-999	1534817062	3600		264.16		         0		-999.00
-999	1534820662	3600		264.16		         0		-999.00
-999	1534824262	3600		264.16		         0		-999.00
-999	1534827862	3600		264.25		         0		-999.00
-999	1534831462	3600		264.02		         0		-999.00
-999	1534835062	3600		260.69		         0		-999.00
-999	1534838662	3600		264.10		         0		-999.00
-999	1534842262	3600		264.02		         0		-999.00
-999	1534845862	3600		263.84		         0		-999.00
-999	1534849462	3600		264.13		         0		-999.00
-999	1534853062	3600		264.10		         0		-999.00
-999	1534856662	3600		263.89		         0		-999.00
-999	1534860262	3600		264.13		         0		-999.00
-999	1534863862	3600		264.25		         0		-999.00
-999	1534867462	3600		264.17		         0		-999.00
-999	1534871062	3600		264.11		         0		-999.00
-999	1534874662	3600		264.12		         0		-999.00
-999	1534878262	3600		264.17		         0		-999.00
-999	1534881862	3600		263.77		         0		-999.00
-999	1534885462	3600		264.16		         0		-999.00
-999	1534889062	3600		264.16		         0		-999.00
-999	1534892662	3600		264.16		         0		-999.00
-999	1534896262	3600		264.16		         0		-999.00
-999	1534899862	3600		264.16		         0		-999.00
-999	1534903462	3600		264.16		         0		-999.00
-999	1534907062	3600		264.16		         0		-999.00
-999	1534910662	3600		264.16		         0		-999.00
-999	1534914262	3600		264.16		         0		-999.00
-999	1534917862	3600		264.22		         0		-999.00
-999	1534921462	3600		264.16		         0		-999.00
-999	1534925062	3600		263.99		         0		-999.00
-999	1534928662	3600		263.87		         0		-999.00
-999	1534932262	3600		263.87		         0		-999.00
-999	1534935862	3600		264.28		         0		-999.00
-999	1534939462	3600		264.19		         0		-999.00
-999	1534943062	3600		264.22		         0		-999.00
-999	1534946662	3600		263.97		         0		-999.00
-999	1534950262	3600		260.96		         0		-999.00
-999	1534953862	3600		260.90		         0		-999.00
-999	1534957462	3600		260.96		         0		-999.00
-999	1534961062	3600		260.96		         0		-999.00
-999	1534964662	3600		260.71		         0		-999.00
-999	1534968262	3600		260.78		         0		-999.00
-999	1534971862	3600		261.04		         0		-999.00
-999	1534975462	3600		260.92		         0		-999.00
-999	1534979062	3600		260.92		         0		-999.00
-999	1534982662	3600		260.92		         0		-999.00
-999	1534986262	3600		260.92		         0		-999.00
-999	1534989862	3600		261.04		         0		-999.00
-999	1534993462	3600		261.00		         0		-999.00
-999	1534997062	3600		261.01		         0		-999.00
-999	1535000662	3600		260.95		         0		-999.00
-999	1535004262	3600		260.84		         0		-999.00
-999	1535007862	3600		260.95		         0		-999.00
-999	1535011462	3600		260.73		         0		-999.00
-999	1535015062	3600		260.96		         0		-999.00
-999	1535018662	3600		260.96		         0		-999.00
-999	1535022262	3600		260.89		         0		-999.00
-999	1535023071	809		261.02		         0		-999.00
7078	1535024271	1200		273.16		 242277595		1239.00
7078	1535027871	3600		273.70		 261447334		1235.00
7078	1535030682	2811		273.04		 243149525		1222.00
-999	1535031882	1200		263.84		         0		-999.00
-999	1535035482	3600		264.20		         0		-999.00
-999	1535039082	3600		264.25		         0		-999.00
-999	1535042682	3600		264.19		         0		-999.00
-999	1535046282	3600		260.72		         0		-999.00
-999	1535049882	3600		260.94		         0		-999.00
-999	1535051403	1521		260.82		         0		-999.00
7080	1535052603	1200		274.17		 269064858		1297.00
7080	1535056203	3600		274.54		 287127730		1275.00
7080	1535059803	3600		273.68		 264773626		1253.00
7080	1535063403	3600		272.95		 242223962		1242.00
7080	1535067003	3600		272.24		 220431431		1228.00
7080	1535070603	3600		271.72		 206538477		1210.00
7080	1535074203	3600		271.12		 188489177		1201.00
7080	1535077803	3600		270.55		 175049384		1187.00
7080	1535081403	3600		270.04		 160206050		1172.00
7080	1535085003	3600		269.56		 146065043		1163.00
7080	1535088603	3600		269.46		 142994664		1168.00
7080	1535092203	3600		269.01		 131691624		1153.00
7080	1535095803	3600		268.58		 119843385		1142.00
7080	1535095826	23		268.35		 112388951		1138.00
-999	1535097026	1200		263.87		         0		-999.00
-999	1535100626	3600		264.05		         0		-999.00
-999	1535104226	3600		260.75		         0		-999.00
-999	1535107826	3600		260.99		         0		-999.00
-999	1535111280	3454		261.02		         0		-999.00
7083	1535112480	1200		273.24		 243492406		1267.00
7083	1535116080	3600		273.49		 258192361		1258.00
7083	1535119680	3600		272.86		 239590946		1243.00
7083	1535123280	3600		272.18		 218814919		1228.00
7083	1535126880	3600		271.49		 201692615		1213.00
7083	1535130480	3600		270.88		 184115398		1197.00
7083	1535134080	3600		270.42		 169486080		1195.00
7083	1535137680	3600		269.81		 154374830		1172.00
7083	1535141280	3600		269.33		 140111505		1162.00
7083	1535144880	3600		268.98		 130335655		1152.00
7083	1535148480	3600		268.53		 119190088		1148.00
7083	1535152080	3600		268.23		 109225729		1135.00
7083	1535152634	554		268.02		 104221492		1135.00
-999	1535153834	1200		264.12		         0		-999.00
-999	1535157434	3600		264.19		         0		-999.00
-999	1535161034	3600		264.19		         0		-999.00
-999	1535164634	3600		264.19		         0		-999.00
-999	1535168234	3600		264.19		         0		-999.00
-999	1535171834	3600		264.19		         0		-999.00
-999	1535175434	3600		264.19		         0		-999.00
-999	1535179034	3600		264.19		         0		-999.00
-999	1535182634	3600		260.72		         0		-999.00
-999	1535186234	3600		260.95		         0		-999.00
-999	1535189834	3600		260.95		         0		-999.00
-999	1535191851	2017		260.57		         0		-999.00
7087	1535193051	1200		273.88		 259612217		1320.00
7087	1535196651	3600		274.37		 282689734		1293.00
7087	1535200251	3600		273.71		 262711795		1275.00
7087	1535203851	3600		272.85		 240304009		1257.00
7087	1535207451	3600		272.16		 219219838		1243.00
7087	1535211051	3600		271.45		 199851760		1233.00
7087	1535214651	3600		270.86		 183891277		1215.00
7087	1535218251	3600		270.25		 167172625		1196.00
7087	1535221851	3600		269.70		 150952898		1184.00
7087	1535225451	3600		269.49		 144826396		1176.00
7087	1535229051	3600		269.05		 131893213		1176.00
7087	1535232651	3600		268.61		 121348554		1158.00
7087	1535236251	3600		268.14		 107697706		1145.00
7087	1535238176	1925		267.49		  91755000		1130.00
-999	1535239376	1200		260.82		         0		-999.00
-999	1535242976	3600		261.11		         0		-999.00
-999	1535246576	3600		261.05		         0		-999.00
-999	1535246754	178		261.05		         0		-999.00
7088	1535247954	1200		273.71		 253120147		1319.00
7088	1535251462	3508		274.41		 287729101		1281.00
-999	1535252662	1200		263.81		         0		-999.00
-999	1535256262	3600		260.89		         0		-999.00
-999	1535259862	3600		260.95		         0		-999.00
-999	1535263462	3600		261.01		         0		-999.00
-999	1535267062	3600		260.66		         0		-999.00
-999	1535267678	616		260.95		         0		-999.00
7090	1535268878	1200		274.03		 265964569		1320.00
7090	1535272478	3600		274.47		 285421073		1308.00
7090	1535276078	3600		273.65		 260239379		1287.00
7090	1535279678	3600		273.03		 242337080		1281.00
7090	1535283278	3600		272.21		 221253271		1261.00
7090	1535286878	3600		271.57		 201902626		1245.00
7090	1535290478	3600		271.04		 185913586		1230.00
7090	1535294078	3600		270.49		 171929305		1211.00
7090	1535297678	3600		269.91		 155948263		1203.00
7090	1535301278	3600		269.59		 145484223		1201.00
7090	1535304878	3600		269.25		 137443448		1189.00
7090	1535308478	3600		268.78		 127779407		1166.00
7090	1535312078	3600		268.21		 108471679		1167.00
7090	1535313102	1024		268.25		 109826384		1162.00
-999	1535314302	1200		260.73		         0		-999.00
-999	1535317902	3600		260.67		         0		-999.00
-999	1535321348	3446		260.93		         0		-999.00
7091	1535322548	1200		273.87		 259665398		1333.00
7091	1535326148	3600		274.30		 280041783		1312.00
7091	1535329748	3600		273.60		 259479491		1299.00
7091	1535333348	3600		272.87		 236968593		1283.00
7091	1535336948	3600		272.17		 218580475		1270.00
7091	1535340548	3600		271.55		 201223532		1258.00
7091	1535344148	3600		271.01		 184784952		1239.00
7091	1535347748	3600		270.44		 170176025		1230.00
7091	1535351348	3600		269.64		 153511572		1193.00
7091	1535354948	3600		269.52		 144645100		1207.00
7091	1535358548	3600		269.22		 136508586		1194.00
7091	1535362148	3600		268.76		 122640613		1184.00
7091	1535365748	3600		268.46		 115958539		1173.00
7091	1535368639	2891		267.88		  98728208		1160.00
-999	1535369839	1200		260.91		         0		-999.00
-999	1535373439	3600		264.11		         0		-999.00
-999	1535377039	3600		260.88		         0		-999.00
-999	1535380639	3600		260.93		         0		-999.00
-999	1535384239	3600		260.75		         0		-999.00
-999	1535385389	1150		261.05		         0		-999.00
7092	1535386589	1200		273.52		 251858903		1317.00
7092	1535390189	3600		273.89		 267871218		1301.00
7092	1535393789	3600		273.06		 246714949		1290.00
7092	1535395985	2196		272.60		 232961352		1277.00
-999	1535397185	1200		263.83		         0		-999.00
-999	1535400785	3600		264.13		         0		-999.00
-999	1535404385	3600		260.70		         0		-999.00
-999	1535407985	3600		260.99		         0		-999.00
-999	1535410972	2987		260.99		         0		-999.00
7095	1535412172	1200		273.54		 254775579		1320.00
7095	1535415772	3600		274.01		 270508564		1307.00
7095	1535419372	3600		273.23		 250203593		1300.00
7095	1535422972	3600		272.46		 227958850		1294.00
7095	1535426572	3600		271.87		 211508512		1268.00
7095	1535430172	3600		271.26		 193125987		1256.00
7095	1535431917	1745		270.90		 183262029		1249.00
-999	1535433117	1200		264.13		         0		-999.00
-999	1535436717	3600		263.83		         0		-999.00
-999	1535440317	3600		264.08		         0		-999.00
-999	1535443917	3600		259.80		         0		-999.00
-999	1535447517	3600		260.84		         0		-999.00
-999	1535451117	3600		260.95		         0		-999.00
-999	1535454717	3600		260.89		         0		-999.00
-999	1535456340	1623		261.05		         0		-999.00
7097	1535457540	1200		273.84		 259395179		1346.00
7097	1535461140	3600		274.05		 273402594		1319.00
7097	1535464740	3600		273.42		 254455750		1298.00
7097	1535468340	3600		272.70		 232778477		1293.00
7097	1535471940	3600		271.90		 212045384		1271.00
7097	1535475540	3600		271.35		 195317767		1253.00
7097	1535479140	3600		270.64		 177467176		1239.00
7097	1535482740	3600		270.17		 163478741		1232.00
7097	1535486340	3600		269.56		 148732064		1208.00
7097	1535489940	3600		269.46		 143382992		1212.00
7097	1535493540	3600		268.81		 127812535		1189.00
7097	1535497140	3600		268.61		 120889631		1189.00
7097	1535500740	3600		268.17		 108412728		1174.00
7097	1535504340	3600		267.82		  98171489		1167.00
7097	1535505368	1028		267.06		  77251378		1156.00
-999	1535506568	1200		260.58		         0		-999.00
-999	1535510168	3600		261.13		         0		-999.00
-999	1535512996	2828		260.61		         0		-999.00
7098	1535514196	1200		273.79		 260006773		1339.00
7098	1535517796	3600		274.37		 281874768		1340.00
7098	1535521396	3600		273.58		 260149727		1315.00
7098	1535524996	3600		272.80		 237747304		1299.00
7098	1535528596	3600		272.09		 218104156		1285.00
7098	1535532089	3493		271.45		 199666125		1271.00
-999	1535533289	1200		264.04		         0		-999.00
-999	1535536889	3600		264.28		         0		-999.00
-999	1535540489	3600		260.96		         0		-999.00
-999	1535544089	3600		261.04		         0		-999.00
-999	1535544488	399		261.04		         0		-999.00
7099	1535545688	1200		273.44		 251955040		1341.00
7099	1535549288	3600		274.02		 272564938		1328.00
7099	1535551174	1886		273.42		 253718541		1329.00
-999	1535552374	1200		264.19		         0		-999.00
-999	1535555974	3600		264.08		         0		-999.00
-999	1535559574	3600		264.25		         0		-999.00
-999	1535563174	3600		264.23		         0		-999.00
-999	1535566774	3600		261.05		         0		-999.00
-999	1535570374	3600		260.86		         0		-999.00
-999	1535570740	366		260.86		         0		-999.00
7101	1535571940	1200		274.40		 274458987		1388.00
7101	1535575540	3600		274.71		 292044707		1351.00
7101	1535579140	3600		273.72		 265499650		1319.00
7101	1535580041	901		273.42		 255603770		1323.00
-999	1535581241	1200		264.06		         0		-999.00
-999	1535584841	3600		264.25		         0		-999.00
-999	1535588441	3600		264.25		         0		-999.00
-999	1535592041	3600		264.25		         0		-999.00
-999	1535595641	3600		264.25		         0		-999.00
-999	1535599241	3600		264.19		         0		-999.00
-999	1535602841	3600		264.19		         0		-999.00
-999	1535606441	3600		264.19		         0		-999.00
-999	1535610041	3600		260.87		         0		-999.00
-999	1535613641	3600		260.90		         0		-999.00
-999	1535614998	1357		260.95		         0		-999.00
7105	1535616198	1200		274.00		 265362438		1368.00
7105	1535619798	3600		274.39		 282051692		1335.00
7105	1535623398	3600		273.60		 259669615		1329.00
7105	1535626998	3600		272.77		 236298021		1311.00
7105	1535630598	3600		272.14		 218858890		1302.00
7105	1535634198	3600		271.52		 200148965		1284.00
7105	1535637798	3600		270.88		 184043708		1264.00
7105	1535641398	3600		270.42		 170899555		1254.00
7105	1535644998	3600		269.79		 152479640		1241.00
7105	1535648598	3600		269.50		 142852402		1237.00
7105	1535652198	3600		269.09		 134505429		1219.00
7105	1535655798	3600		268.64		 121515463		1208.00
7105	1535659398	3600		268.42		 114124323		1202.00
7105	1535662998	3600		267.75		 100684056		1177.00
7105	1535663769	771		267.80		  98345224		1185.00
-999	1535664969	1200		261.02		         0		-999.00
-999	1535668569	3600		260.96		         0		-999.00
-999	1535672169	3600		264.16		         0		-999.00
-999	1535675769	3600		260.66		         0		-999.00
-999	1535679369	3600		260.59		         0		-999.00
-999	1535680532	1163		260.95		         0		-999.00
7108	1535681732	1200		274.13		 269730514		1366.00
7108	1535685332	3600		274.51		 286074628		1347.00
7108	1535688932	3600		273.70		 262932160		1334.00
7108	1535692532	3600		272.96		 242035571		1312.00
7108	1535696132	3600		272.30		 220292681		1306.00
7108	1535699732	3600		271.62		 203591688		1291.00
7108	1535703332	3600		270.99		 186350827		1263.00
7108	1535706932	3600		270.53		 172728730		1265.00
7108	1535710532	3600		270.03		 158005441		1248.00
7108	1535714132	3600		269.45		 144441150		1220.00
7108	1535717732	3600		269.25		 137450743		1226.00
7108	1535721332	3600		268.97		 130231259		1224.00
7108	1535724932	3600		268.23		 111826699		1194.00
7108	1535725313	381		267.75		  95679602		1198.00
-999	1535726513	1200		260.88		         0		-999.00
-999	1535730113	3600		261.02		         0		-999.00
-999	1535733713	3600		260.82		         0		-999.00
-999	1535733821	108		260.77		         0		-999.00
-999	1535735942	1200		264.25		         0		-999.00
-999	1535739542	3600		260.79		         0		-999.00
-999	1535742103	2561		261.05		         0		-999.00
7110	1535743303	1200		273.71		 258639644		1357.00
7110	1535746903	3600		274.12		 274784708		1357.00
7110	1535750503	3600		273.28		 251534481		1345.00
7110	1535754103	3600		272.70		 234324068		1331.00
7110	1535757703	3600		272.06		 216606056		1314.00
7110	1535761303	3600		271.43		 198126425		1297.00
7110	1535764903	3600		270.94		 183285743		1281.00
7110	1535768503	3600		270.40		 169489619		1274.00
7110	1535772103	3600		269.90		 154642270		1256.00
7110	1535775703	3600		269.52		 143902038		1259.00
7110	1535779303	3600		269.29		 137871438		1239.00
7110	1535782903	3600		268.63		 126430186		1213.00
7110	1535783443	540		268.56		 119926824		1220.00
