Fill	Timestamp [s]	Duration [s]	Temperature [K]	Fluence [n_eq/cm2/s]	Leakage_current [mA/cm2]
7035	1533651089	1200		273.80		 256937575		1166.00
7035	1533652277	1188		274.48		 283064249		1144.00
-999	1533653477	1200		264.23		         0		-999.00
-999	1533657077	3600		260.72		         0		-999.00
-999	1533660677	3600		260.81		         0		-999.00
-999	1533662881	2204		261.06		         0		-999.00
7036	1533664081	1200		267.93		  98292417		985.50
7036	1533667681	3600		267.95		 107113135		973.00
7036	1533671281	3600		267.69		  96452625		971.00
7036	1533674881	3600		267.46		  88574246		966.50
7036	1533676330	1449		266.80		  71615251		961.00
-999	1533677530	1200		260.96		         0		-999.00
-999	1533681130	3600		261.05		         0		-999.00
-999	1533684730	3600		260.58		         0		-999.00
-999	1533685600	870		261.05		         0		-999.00
7037	1533686800	1200		272.39		 219199011		1117.00
7037	1533690400	3600		272.82		 232860060		1123.00
7037	1533694000	3600		272.39		 226105984		1105.00
7037	1533697600	3600		271.69		 205077265		1085.00
7037	1533701200	3600		271.06		 187706868		1071.00
7037	1533704800	3600		270.47		 171751649		1065.00
7037	1533708400	3600		269.92		 155238074		1049.00
7037	1533712000	3600		269.74		 151032064		1049.00
7037	1533715600	3600		269.23		 136894280		1038.00
7037	1533719200	3600		268.70		 123028438		1025.00
7037	1533722800	3600		268.39		 114346643		1020.00
7037	1533726400	3600		268.15		 107092190		1013.00
7037	1533730000	3600		267.41		  92498705		971.50
7037	1533733600	3600		260.89		  86885071		 12.00
7037	1533734206	606		267.17		  81703772		982.00
-999	1533735406	1200		263.71		         0		-999.00
-999	1533739006	3600		259.77		         0		-999.00
-999	1533742606	3600		260.73		         0		-999.00
-999	1533746206	3600		264.13		         0		-999.00
-999	1533749806	3600		264.14		         0		-999.00
-999	1533753406	3600		264.14		         0		-999.00
-999	1533757006	3600		264.14		         0		-999.00
-999	1533760606	3600		264.14		         0		-999.00
-999	1533764206	3600		264.14		         0		-999.00
-999	1533767806	3600		264.14		         0		-999.00
-999	1533771406	3600		260.93		         0		-999.00
-999	1533775006	3600		260.93		         0		-999.00
-999	1533777409	2403		260.96		         0		-999.00
7039	1533778609	1200		273.91		 275794618		1103.00
7039	1533782209	3600		273.34		 253114073		1116.00
7039	1533785809	3600		273.00		 243773414		1109.00
7039	1533789409	3600		272.18		 221758413		1094.00
7039	1533793009	3600		271.61		 204789586		1083.00
7039	1533796609	3600		270.86		 185487976		1074.00
7039	1533800209	3600		270.34		 170117183		1060.00
7039	1533803809	3600		269.73		 157913422		1032.00
7039	1533807409	3600		269.60		 149430333		1043.00
7039	1533811009	3600		269.15		 136533309		1041.00
7039	1533814609	3600		268.78		 126770647		1026.00
7039	1533818209	3600		268.32		 113456236		1019.00
7039	1533821543	3334		267.78		  99360886		1008.00
-999	1533822743	1200		260.64		         0		-999.00
-999	1533826343	3600		259.78		         0		-999.00
-999	1533829943	3600		260.66		         0		-999.00
-999	1533831641	1698		261.02		         0		-999.00
7040	1533832841	1200		272.17		 215040031		1124.00
7040	1533836441	3600		272.82		 241191004		1115.00
7040	1533840041	3600		272.18		 221288263		1100.00
7040	1533843641	3600		271.42		 201556472		1077.00
7040	1533847241	3600		270.83		 183158338		1078.00
7040	1533850841	3600		270.24		 168744348		1066.00
7040	1533854441	3600		269.72		 153320596		1053.00
7040	1533858041	3600		269.61		 149581302		1052.00
7040	1533861641	3600		269.01		 133642397		1043.00
7040	1533865241	3600		268.72		 125716531		1033.00
7040	1533868841	3600		268.29		 113379514		1020.00
7040	1533869763	922		268.14		 108508554		1022.00
-999	1533870963	1200		263.93		         0		-999.00
-999	1533874563	3600		263.93		         0		-999.00
-999	1533878163	3600		264.16		         0		-999.00
-999	1533881763	3600		263.81		         0		-999.00
-999	1533885363	3600		260.99		         0		-999.00
-999	1533888963	3600		263.85		         0		-999.00
-999	1533892563	3600		263.96		         0		-999.00
-999	1533896163	3600		264.13		         0		-999.00
-999	1533899763	3600		264.13		         0		-999.00
-999	1533903363	3600		260.88		         0		-999.00
-999	1533906703	3340		261.02		         0		-999.00
7042	1533907903	1200		273.22		 248873786		1129.00
7042	1533911503	3600		273.77		 269437156		1135.00
7042	1533915103	3600		273.29		 251535839		1131.00
7042	1533918703	3600		272.43		 228487395		1121.00
7042	1533922303	3600		271.77		 212589664		1099.00
7042	1533925903	3600		271.06		 192541782		1080.00
7042	1533929503	3600		270.60		 177206493		1081.00
7042	1533933103	3600		270.10		 164156793		1078.00
7042	1533936703	3600		269.81		 154510543		1075.00
7042	1533940303	3600		269.55		 147616473		1055.00
7042	1533943903	3600		269.16		 135693647		1053.00
7042	1533947503	3600		268.79		 127310560		1043.00
7042	1533951103	3600		268.34		 114349571		1034.00
7042	1533953849	2746		267.63		  99579289		1014.00
-999	1533955049	1200		260.94		         0		-999.00
-999	1533958649	3600		260.62		         0		-999.00
-999	1533962249	3600		260.90		         0		-999.00
-999	1533965849	3600		260.90		         0		-999.00
-999	1533969449	3600		260.93		         0		-999.00
-999	1533969520	71		260.82		         0		-999.00
7043	1533970720	1200		270.48		 169142559		1088.00
7043	1533974320	3600		270.55		 179015501		1059.00
7043	1533977920	3600		269.95		 159293010		1061.00
7043	1533981520	3600		269.47		 146923024		1050.00
7043	1533985120	3600		269.22		 138521151		1052.00
7043	1533988720	3600		269.06		 133330357		1045.00
7043	1533992320	3600		268.74		 124492438		1045.00
7043	1533995920	3600		268.39		 116781184		1034.00
7043	1533999520	3600		268.18		 109944127		1030.00
7043	1534003120	3600		267.94		 103932761		1029.00
7043	1534006720	3600		267.84		 100381728		1024.00
7043	1534008923	2203		267.72		  96571427		1026.00
-999	1534010123	1200		264.11		         0		-999.00
-999	1534013723	3600		260.89		         0		-999.00
-999	1534017323	3600		260.52		         0		-999.00
-999	1534019096	1773		261.01		         0		-999.00
7045	1534020296	1200		273.34		 247095796		1184.00
7045	1534023896	3600		273.86		 271356739		1153.00
7045	1534027496	3600		273.18		 250614463		1149.00
7045	1534031096	3600		272.45		 229882831		1131.00
7045	1534034696	3600		271.56		 208048275		1111.00
7045	1534038296	3600		271.07		 191772236		1110.00
7045	1534041896	3600		270.42		 173562046		1094.00
7045	1534045496	3600		269.94		 159764664		1083.00
7045	1534049096	3600		269.50		 147118833		1076.00
7045	1534052696	3600		269.37		 142511923		1071.00
7045	1534056296	3600		268.86		 129815723		1058.00
7045	1534058999	2703		268.49		 119357046		1056.00
-999	1534060199	1200		264.16		         0		-999.00
-999	1534063799	3600		264.16		         0		-999.00
-999	1534067399	3600		264.16		         0		-999.00
-999	1534070999	3600		264.16		         0		-999.00
-999	1534074599	3600		261.02		         0		-999.00
-999	1534077152	2553		260.87		         0		-999.00
7047	1534078352	1200		273.97		 265576585		1205.00
7047	1534081952	3600		274.72		 293417480		1202.00
7047	1534085552	3600		273.80		 268194395		1176.00
7047	1534089152	3600		272.97		 244699605		1161.00
7047	1534092752	3600		272.26		 226714641		1137.00
7047	1534096352	3600		271.58		 206112034		1130.00
7047	1534099952	3600		271.08		 191136480		1121.00
7047	1534103382	3430		270.56		 175722415		1108.00
-999	1534104582	1200		264.04		         0		-999.00
-999	1534108182	3600		264.11		         0		-999.00
-999	1534111782	3600		264.11		         0		-999.00
-999	1534115382	3600		264.11		         0		-999.00
-999	1534118982	3600		264.17		         0		-999.00
-999	1534122582	3600		260.99		         0		-999.00
-999	1534124348	1766		261.05		         0		-999.00
7048	1534125548	1200		274.14		 268568205		1208.00
7048	1534129148	3600		274.51		 287078419		1193.00
7048	1534132748	3600		273.65		 263649047		1179.00
7048	1534136348	3600		272.57		 232784519		1173.00
7048	1534137972	1624		272.39		 228135490		1153.00
-999	1534139172	1200		264.05		         0		-999.00
-999	1534142772	3600		264.16		         0		-999.00
-999	1534146372	3600		260.61		         0		-999.00
-999	1534149972	3600		261.02		         0		-999.00
-999	1534153572	3600		260.56		         0		-999.00
-999	1534155160	1588		260.99		         0		-999.00
7052	1534156360	1200		273.74		 257376540		1199.00
7052	1534159960	3600		274.03		 271458673		1185.00
7052	1534163560	3600		273.35		 254490091		1170.00
7052	1534167160	3600		272.65		 234552756		1156.00
7052	1534170760	3600		271.97		 216012759		1141.00
7052	1534174360	3600		271.37		 197511926		1138.00
7052	1534177960	3600		270.74		 181492895		1120.00
7052	1534181560	3600		270.21		 165357480		1109.00
7052	1534185160	3600		269.89		 154568512		1107.00
7052	1534188760	3600		269.47		 146145463		1087.00
7052	1534192360	3600		268.99		 131967899		1082.00
7052	1534195960	3600		268.69		 123638172		1075.00
7052	1534199337	3377		268.25		 113102707		1062.00
-999	1534200537	1200		264.28		         0		-999.00
-999	1534204137	3600		260.88		         0		-999.00
-999	1534207737	3600		260.59		         0		-999.00
-999	1534210358	2621		261.00		         0		-999.00
7053	1534211558	1200		274.09		 266033702		1247.00
7053	1534215158	3600		274.83		 298048995		1217.00
7053	1534218758	3600		273.95		 270375344		1202.00
7053	1534222358	3600		273.05		 247037081		1188.00
7053	1534225958	3600		272.40		 228351066		1176.00
7053	1534229558	3600		271.73		 208101533		1162.00
7053	1534231837	2279		271.29		 195289484		1153.00
-999	1534233037	1200		264.04		         0		-999.00
-999	1534236637	3600		261.01		         0		-999.00
-999	1534240237	3600		260.88		         0		-999.00
-999	1534243220	2983		260.93		         0		-999.00
-999	1534245116	1200		264.16		         0		-999.00
-999	1534248716	3600		260.87		         0		-999.00
-999	1534251884	3168		260.93		         0		-999.00
7055	1534253084	1200		274.31		 274860724		1242.00
7055	1534256684	3600		274.89		 296473815		1226.00
7055	1534260284	3600		273.62		 274436743		1141.00
7055	1534263884	3600		273.18		 251137387		1189.00
7055	1534267484	3600		272.44		 228915661		1175.00
7055	1534271084	3600		271.86		 211507666		1160.00
7055	1534274684	3600		271.13		 192908646		1148.00
7055	1534278284	3600		270.55		 177238416		1130.00
7055	1534281720	3436		270.03		 162318106		1127.00
-999	1534282920	1200		264.22		         0		-999.00
-999	1534286520	3600		260.55		         0		-999.00
-999	1534290120	3600		261.00		         0		-999.00
-999	1534291280	1160		260.75		         0		-999.00
7056	1534292480	1200		274.07		 266767596		1250.00
7056	1534296080	3600		274.81		 295465096		1229.00
7056	1534299680	3600		273.80		 267811833		1212.00
7056	1534303280	3600		273.14		 249328464		1195.00
7056	1534306880	3600		272.32		 227257495		1185.00
7056	1534310480	3600		271.77		 209953122		1165.00
7056	1534314080	3600		271.25		 194523017		1150.00
7056	1534317680	3600		270.62		 177582095		1131.00
7056	1534321280	3600		270.11		 162848905		1129.00
7056	1534324880	3600		269.78		 151947285		1133.00
7056	1534328480	3600		269.58		 146994389		1118.00
7056	1534332080	3600		268.93		 131107981		1103.00
7056	1534335680	3600		268.68		 122725730		1095.00
7056	1534339280	3600		268.27		 111100947		1084.00
7056	1534342880	3600		267.82		 100412334		1075.00
7056	1534346480	3600		267.59		  92604296		1072.00
7056	1534350080	3600		267.30		  85098233		1061.00
7056	1534353680	3600		266.68		  79686423		1006.00
7056	1534357280	3600		266.78		  72154836		1050.00
7056	1534360880	3600		266.62		  65140887		1055.00
7056	1534364480	3600		266.52		  63450576		1049.00
7056	1534368080	3600		266.41		  59533738		1039.00
7056	1534371680	3600		266.33		  56925676		1035.00
7056	1534375280	3600		266.11		  53745665		1038.00
7056	1534378880	3600		266.02		  50832727		1036.00
7056	1534382480	3600		265.94		  48045664		1030.00
7056	1534386080	3600		265.87		  45770238		1030.00
7056	1534387045	965		265.86		  45397881		1026.00
-999	1534388245	1200		260.83		         0		-999.00
-999	1534391845	3600		260.54		         0		-999.00
-999	1534395445	3600		260.95		         0		-999.00
-999	1534399045	3600		264.19		         0		-999.00
-999	1534402645	3600		263.89		         0		-999.00
-999	1534406245	3600		264.08		         0		-999.00
-999	1534409845	3600		264.19		         0		-999.00
-999	1534413445	3600		264.19		         0		-999.00
-999	1534417045	3600		264.19		         0		-999.00
-999	1534420645	3600		264.19		         0		-999.00
-999	1534424245	3600		264.19		         0		-999.00
-999	1534427845	3600		264.19		         0		-999.00
-999	1534431445	3600		264.19		         0		-999.00
-999	1534435045	3600		264.19		         0		-999.00
-999	1534438645	3600		264.19		         0		-999.00
-999	1534442245	3600		264.19		         0		-999.00
-999	1534445845	3600		264.13		         0		-999.00
-999	1534449445	3600		263.96		         0		-999.00
-999	1534453045	3600		264.20		         0		-999.00
-999	1534456645	3600		260.66		         0		-999.00
-999	1534460245	3600		261.00		         0		-999.00
-999	1534463845	3600		261.00		         0		-999.00
-999	1534467445	3600		261.00		         0		-999.00
-999	1534471045	3600		261.00		         0		-999.00
-999	1534474645	3600		260.73		         0		-999.00
-999	1534475239	594		260.61		         0		-999.00
7058	1534476439	1200		273.41		 253907750		1204.00
7058	1534480039	3600		274.05		 270276419		1225.00
7058	1534483639	3600		273.52		 260016245		1196.00
7058	1534487239	3600		272.86		 237844975		1198.00
7058	1534490839	3600		272.02		 215966715		1178.00
7058	1534494439	3600		271.42		 199788275		1151.00
7058	1534498039	3600		270.77		 181785955		1139.00
7058	1534501639	3600		270.30		 166198268		1147.00
7058	1534505239	3600		269.84		 154191520		1131.00
7058	1534508839	3600		269.45		 143300418		1125.00
7058	1534512439	3600		268.99		 129903293		1112.00
7058	1534516039	3600		268.50		 116425984		1106.00
7058	1534519639	3600		268.27		 110980965		1097.00
7058	1534523239	3600		267.65		  96364770		1075.00
7058	1534523411	172		267.33		  85855897		1075.00
-999	1534524611	1200		260.69		         0		-999.00
-999	1534528211	3600		261.05		         0		-999.00
-999	1534531811	3600		260.87		         0		-999.00
-999	1534533194	1383		261.02		         0		-999.00
7061	1534534394	1200		274.26		 272377297		1274.00
7061	1534537994	3600		274.71		 291742999		1250.00
7061	1534541594	3600		273.93		 268785497		1235.00
7061	1534545194	3600		273.19		 248287807		1223.00
7061	1534548794	3600		272.35		 225853990		1201.00
7061	1534552394	3600		271.69		 207533819		1187.00
7061	1534555994	3600		271.20		 191017552		1183.00
7061	1534559594	3600		270.65		 178387896		1164.00
7061	1534563194	3600		270.07		 162704122		1152.00
7061	1534566794	3600		269.73		 151474785		1153.00
7061	1534570394	3600		269.33		 141268705		1132.00
7061	1534573994	3600		268.94		 130243410		1125.00
7061	1534577594	3600		268.53		 118459611		1115.00
7061	1534581194	3600		267.82		 101456752		1092.00
7061	1534584283	3089		260.89		  97127232		 11.50
-999	1534585483	1200		260.57		         0		-999.00
-999	1534589083	3600		260.93		         0		-999.00
-999	1534592683	3600		260.81		         0		-999.00
-999	1534593033	350		260.93		         0		-999.00
7063	1534594233	1200		273.79		 261450135		1261.00
7063	1534597833	3600		274.35		 280467253		1256.00
7063	1534601433	3600		273.41		 260956171		1215.00
7063	1534605033	3600		272.79		 235559041		1216.00
7063	1534608633	3600		272.07		 216359768		1205.00
7063	1534612233	3600		271.44		 199056210		1185.00
7063	1534615833	3600		270.78		 181126842		1172.00
7063	1534619433	3600		270.30		 167296880		1165.00
7063	1534623033	3600		269.78		 153358263		1145.00
7063	1534626633	3600		269.37		 141611836		1140.00
7063	1534630233	3600		268.99		 130830163		1134.00
7063	1534633006	2773		268.67		 121861537		1122.00
-999	1534634206	1200		263.92		         0		-999.00
-999	1534637806	3600		263.87		         0		-999.00
-999	1534641406	3600		263.92		         0		-999.00
-999	1534645006	3600		264.23		         0		-999.00
-999	1534648606	3600		264.17		         0		-999.00
-999	1534652206	3600		260.70		         0		-999.00
-999	1534655806	3600		260.59		         0		-999.00
-999	1534657022	1216		261.07		         0		-999.00
7065	1534658222	1200		273.71		 262602466		1246.00
7065	1534661822	3600		274.63		 289572047		1266.00
7065	1534665422	3600		273.77		 267284216		1246.00
7065	1534669022	3600		272.98		 242884899		1232.00
7065	1534672622	3600		272.23		 223398979		1211.00
7065	1534676222	3600		271.57		 203414284		1198.00
7065	1534679822	3600		271.04		 187886946		1189.00
7065	1534683422	3600		270.46		 172328970		1175.00
7065	1534687022	3600		269.98		 158380641		1163.00
7065	1534690622	3600		269.65		 149150805		1155.00
7065	1534694222	3600		269.10		 134908429		1144.00
7065	1534697822	3600		268.76		 123545289		1137.00
7065	1534701422	3600		268.46		 116080214		1127.00
7065	1534703871	2449		267.81		  99100971		1108.00
-999	1534705071	1200		261.05		         0		-999.00
-999	1534708671	3600		260.76		         0		-999.00
-999	1534712271	3600		261.00		         0		-999.00
-999	1534715871	3600		261.00		         0		-999.00
-999	1534719471	3600		260.59		         0		-999.00
-999	1534721378	1907		261.02		         0		-999.00
7069	1534722578	1200		273.32		 244935117		1274.00
7069	1534726178	3600		273.86		 267160857		1263.00
7069	1534729778	3600		273.07		 247119873		1238.00
7069	1534733378	3600		272.41		 226780420		1223.00
7069	1534736978	3600		271.79		 208262897		1214.00
7069	1534740578	3600		271.06		 189599080		1199.00
7069	1534744178	3600		270.55		 174172713		1180.00
7069	1534747778	3600		269.97		 158731823		1175.00
7069	1534751378	3600		269.68		 149447032		1171.00
7069	1534754978	3600		269.29		 139927761		1149.00
7069	1534758578	3600		268.88		 127150584		1148.00
7069	1534762178	3600		268.43		 115784240		1128.00
7069	1534765778	3600		267.94		 101462364		1116.00
7069	1534769062	3284		267.30		  88211743		1098.00
-999	1534770262	1200		260.59		         0		-999.00
-999	1534773862	3600		264.11		         0		-999.00
-999	1534777462	3600		263.82		         0		-999.00
-999	1534781062	3600		263.87		         0		-999.00
-999	1534784662	3600		259.81		         0		-999.00
-999	1534788262	3600		260.88		         0		-999.00
-999	1534791862	3600		264.28		         0		-999.00
-999	1534795462	3600		264.16		         0		-999.00
-999	1534799062	3600		264.16		         0		-999.00
-999	1534802662	3600		264.16		         0		-999.00
-999	1534806262	3600		264.16		         0		-999.00
-999	1534809862	3600		264.16		         0		-999.00
-999	1534813462	3600		264.16		         0		-999.00
-999	1534817062	3600		264.16		         0		-999.00
-999	1534820662	3600		264.16		         0		-999.00
-999	1534824262	3600		264.16		         0		-999.00
-999	1534827862	3600		264.25		         0		-999.00
-999	1534831462	3600		264.02		         0		-999.00
-999	1534835062	3600		260.69		         0		-999.00
-999	1534838662	3600		264.10		         0		-999.00
-999	1534842262	3600		264.02		         0		-999.00
-999	1534845862	3600		263.84		         0		-999.00
-999	1534849462	3600		264.13		         0		-999.00
-999	1534853062	3600		264.10		         0		-999.00
-999	1534856662	3600		263.89		         0		-999.00
-999	1534860262	3600		264.13		         0		-999.00
-999	1534863862	3600		264.25		         0		-999.00
-999	1534867462	3600		264.17		         0		-999.00
-999	1534871062	3600		264.11		         0		-999.00
-999	1534874662	3600		264.12		         0		-999.00
-999	1534878262	3600		264.17		         0		-999.00
-999	1534881862	3600		263.77		         0		-999.00
-999	1534885462	3600		264.16		         0		-999.00
-999	1534889062	3600		264.16		         0		-999.00
-999	1534892662	3600		264.16		         0		-999.00
-999	1534896262	3600		264.16		         0		-999.00
-999	1534899862	3600		264.16		         0		-999.00
-999	1534903462	3600		264.16		         0		-999.00
-999	1534907062	3600		264.16		         0		-999.00
-999	1534910662	3600		264.16		         0		-999.00
-999	1534914262	3600		264.16		         0		-999.00
-999	1534917862	3600		264.22		         0		-999.00
-999	1534921462	3600		264.16		         0		-999.00
-999	1534925062	3600		263.99		         0		-999.00
-999	1534928662	3600		263.87		         0		-999.00
-999	1534932262	3600		263.87		         0		-999.00
-999	1534935862	3600		264.28		         0		-999.00
-999	1534939462	3600		264.19		         0		-999.00
-999	1534943062	3600		264.22		         0		-999.00
-999	1534946662	3600		263.97		         0		-999.00
-999	1534950262	3600		260.96		         0		-999.00
-999	1534953862	3600		260.90		         0		-999.00
-999	1534957462	3600		260.96		         0		-999.00
-999	1534961062	3600		260.96		         0		-999.00
-999	1534964662	3600		260.71		         0		-999.00
-999	1534968262	3600		260.78		         0		-999.00
-999	1534971862	3600		261.04		         0		-999.00
-999	1534975462	3600		260.92		         0		-999.00
-999	1534979062	3600		260.92		         0		-999.00
-999	1534982662	3600		260.92		         0		-999.00
-999	1534986262	3600		260.92		         0		-999.00
-999	1534989862	3600		261.04		         0		-999.00
-999	1534993462	3600		261.00		         0		-999.00
-999	1534997062	3600		261.01		         0		-999.00
-999	1535000662	3600		260.95		         0		-999.00
-999	1535004262	3600		260.84		         0		-999.00
-999	1535007862	3600		260.95		         0		-999.00
-999	1535011462	3600		260.73		         0		-999.00
-999	1535015062	3600		260.96		         0		-999.00
-999	1535018662	3600		260.96		         0		-999.00
-999	1535022262	3600		260.89		         0		-999.00
-999	1535023071	809		261.02		         0		-999.00
7078	1535024271	1200		273.16		 242277595		1239.00
7078	1535027871	3600		273.70		 261447334		1235.00
7078	1535030682	2811		273.04		 243149525		1222.00
-999	1535031882	1200		263.84		         0		-999.00
-999	1535035482	3600		264.20		         0		-999.00
-999	1535039082	3600		264.25		         0		-999.00
-999	1535042682	3600		264.19		         0		-999.00
-999	1535046282	3600		260.72		         0		-999.00
-999	1535049882	3600		260.94		         0		-999.00
-999	1535051403	1521		260.82		         0		-999.00
7080	1535052603	1200		274.17		 269064858		1297.00
7080	1535056203	3600		274.54		 287127730		1275.00
7080	1535059803	3600		273.68		 264773626		1253.00
7080	1535063403	3600		272.95		 242223962		1242.00
7080	1535067003	3600		272.24		 220431431		1228.00
7080	1535070603	3600		271.72		 206538477		1210.00
7080	1535074203	3600		271.12		 188489177		1201.00
7080	1535077803	3600		270.55		 175049384		1187.00
7080	1535081403	3600		270.04		 160206050		1172.00
7080	1535085003	3600		269.56		 146065043		1163.00
7080	1535088603	3600		269.46		 142994664		1168.00
7080	1535092203	3600		269.01		 131691624		1153.00
7080	1535095803	3600		268.58		 119843385		1142.00
7080	1535095826	23		268.35		 112388951		1138.00
