Fill	Timestamp [s]	Duration [s]	Temperature [K]	Fluence [n_eq/cm2/s]	Leakage_current [mA/cm2]
7234	1538179586	1200		273.12		 248830449		1501.00
7234	1538183186	3600		273.71		 272766440		1490.00
7234	1538186786	3600		272.97		 249833634		1473.00
7234	1538190386	3600		271.95		 233364085		1379.00
7234	1538193986	3600		271.57		 211472298		1439.00
7234	1538197586	3600		270.93		 195935416		1411.00
7234	1538201186	3600		270.42		 178803205		1399.00
7234	1538204786	3600		269.91		 167468197		1382.00
7234	1538208386	3600		269.51		 152200216		1375.00
7234	1538211986	3600		269.19		 145009239		1361.00
7234	1538215586	3600		268.67		 129820172		1347.00
7234	1538219186	3600		268.39		 122382862		1348.00
7234	1538222786	3600		267.64		 104655341		1321.00
7234	1538223189	403		267.31		  93671191		1323.00
-999	1538224389	1200		260.55		         0		-999.00
-999	1538227989	3600		260.71		         0		-999.00
-999	1538231589	3600		263.71		         0		-999.00
-999	1538235189	3600		260.65		         0		-999.00
-999	1538238789	3600		260.48		         0		-999.00
-999	1538239060	271		260.66		         0		-999.00
7236	1538240260	1200		273.42		 255465592		1533.00
7236	1538243860	3600		273.98		 279351711		1510.00
7236	1538247460	3600		273.12		 256482164		1475.00
7236	1538251060	3600		272.45		 236043818		1477.00
7236	1538254660	3600		271.77		 215554741		1446.00
7236	1538258260	3600		271.05		 195665532		1434.00
7236	1538261860	3600		270.62		 183196833		1424.00
7236	1538265460	3600		270.11		 168283198		1409.00
7236	1538269060	3600		269.65		 154894857		1395.00
7236	1538271393	2333		269.45		 150013811		1390.00
-999	1538272593	1200		263.55		         0		-999.00
-999	1538276193	3600		263.83		         0		-999.00
-999	1538279793	3600		264.00		         0		-999.00
-999	1538283393	3600		264.05		         0		-999.00
-999	1538286993	3600		263.99		         0		-999.00
-999	1538290593	3600		260.69		         0		-999.00
-999	1538294193	3600		260.69		         0		-999.00
-999	1538297793	3600		260.67		         0		-999.00
-999	1538298993	1200		260.64		         0		-999.00
7239	1538300193	1200		273.74		 263548646		1552.00
7239	1538303793	3600		274.14		 281473628		1518.00
7239	1538307393	3600		273.13		 257567973		1484.00
7239	1538310993	3600		272.53		 237109642		1482.00
7239	1538314593	3600		271.88		 218572234		1464.00
7239	1538318193	3600		271.17		 199026730		1447.00
7239	1538320938	2745		270.71		 185783634		1432.00
-999	1538322138	1200		263.88		         0		-999.00
-999	1538325738	3600		260.79		         0		-999.00
-999	1538329338	3600		260.70		         0		-999.00
-999	1538329691	353		260.76		         0		-999.00
7240	1538330891	1200		273.19		 248573508		1530.00
7240	1538334491	3600		273.78		 273645560		1521.00
7240	1538338091	3600		273.08		 251749637		1507.00
7240	1538341691	3600		272.23		 229548675		1486.00
7240	1538345291	3600		271.71		 213344289		1467.00
7240	1538348891	3600		271.12		 195499628		1458.00
7240	1538352491	3600		270.51		 180989133		1436.00
7240	1538354676	2185		270.17		 169811601		1426.00
-999	1538355876	1200		263.55		         0		-999.00
-999	1538359476	3600		263.66		         0		-999.00
-999	1538363076	3600		264.01		         0		-999.00
-999	1538366676	3600		260.82		         0		-999.00
-999	1538370276	3600		260.25		         0		-999.00
-999	1538372031	1755		260.82		         0		-999.00
7242	1538373231	1200		273.35		 253011709		1541.00
7242	1538376831	3600		273.24		 265306144		1449.00
7242	1538380431	3600		273.05		 251227279		1516.00
7242	1538384031	3600		272.31		 229212875		1498.00
7242	1538387631	3600		271.68		 212078267		1481.00
7242	1538391231	3600		271.06		 193540415		1465.00
7242	1538394831	3600		270.52		 179413623		1453.00
7242	1538394958	127		265.14		         0		1453.00
-999	1538396158	1200		263.75		         0		-999.00
-999	1538399758	3600		263.88		         0		-999.00
-999	1538403358	3600		260.38		         0		-999.00
-999	1538406958	3600		263.82		         0		-999.00
-999	1538410558	3600		264.05		         0		-999.00
-999	1538414158	3600		263.99		         0		-999.00
-999	1538417758	3600		263.99		         0		-999.00
-999	1538421358	3600		260.54		         0		-999.00
-999	1538424958	3600		260.66		         0		-999.00
-999	1538428558	3600		260.53		         0		-999.00
-999	1538429446	888		260.76		         0		-999.00
7245	1538430646	1200		273.21		 248449023		1532.00
7245	1538434246	3600		273.62		 266089100		1522.00
7245	1538437846	3600		272.81		 243223893		1506.00
7245	1538441446	3600		272.06		 223349623		1482.00
7245	1538445046	3600		271.41		 203976020		1470.00
7245	1538448646	3600		270.66		 182406492		1454.00
7245	1538449005	359		269.50		 143810299		1454.00
-999	1538450205	1200		263.72		         0		-999.00
-999	1538453805	3600		259.56		         0		-999.00
-999	1538457405	3600		260.78		         0		-999.00
-999	1538461005	3600		260.71		         0		-999.00
-999	1538464605	3600		260.71		         0		-999.00
-999	1538468205	3600		260.71		         0		-999.00
-999	1538471805	3600		260.39		         0		-999.00
-999	1538475405	3600		260.64		         0		-999.00
-999	1538479005	3600		260.64		         0		-999.00
-999	1538482605	3600		260.64		         0		-999.00
-999	1538486205	3600		260.64		         0		-999.00
-999	1538489805	3600		260.64		         0		-999.00
-999	1538493405	3600		260.64		         0		-999.00
-999	1538497005	3600		260.64		         0		-999.00
-999	1538500605	3600		260.31		         0		-999.00
-999	1538504205	3600		260.66		         0		-999.00
-999	1538507805	3600		260.66		         0		-999.00
-999	1538511405	3600		264.05		         0		-999.00
-999	1538515005	3600		260.76		         0		-999.00
-999	1538518605	3600		260.71		         0		-999.00
-999	1538521910	3305		260.76		         0		-999.00
7252	1538523110	1200		274.04		 272439316		1552.00
7252	1538526710	3600		274.45		 290180572		1534.00
7252	1538530310	3600		273.56		 266179300		1511.00
7252	1538533910	3600		272.89		 245958052		1494.00
7252	1538537510	3600		272.16		 225771271		1478.00
7252	1538541110	3600		271.49		 205253587		1464.00
7252	1538544710	3600		270.70		 184956743		1441.00
7252	1538548310	3600		270.21		 170778559		1431.00
7252	1538551910	3600		269.75		 157397640		1412.00
7252	1538555510	3600		269.39		 145645276		1413.00
7252	1538559110	3600		269.45		 147650709		1414.00
7252	1538559404	294		269.56		 151348408		1413.00
-999	1538560604	1200		263.66		         0		-999.00
-999	1538564204	3600		260.76		         0		-999.00
-999	1538567804	3600		260.85		         0		-999.00
-999	1538568022	218		260.73		         0		-999.00
7253	1538569222	1200		273.57		 260535127		1574.00
7253	1538572822	3600		273.90		 275157065		1552.00
7253	1538576422	3600		272.92		 250837602		1503.00
7253	1538580022	3600		272.22		 227886142		1506.00
7253	1538583622	3600		271.68		 213073450		1495.00
7253	1538587222	3600		271.01		 193895633		1471.00
7253	1538590822	3600		270.49		 178763226		1462.00
7253	1538592255	1433		270.21		 170946536		1445.00
-999	1538593455	1200		263.59		         0		-999.00
-999	1538597055	3600		263.83		         0		-999.00
-999	1538600655	3600		263.88		         0		-999.00
-999	1538604255	3600		263.65		         0		-999.00
-999	1538607855	3600		263.71		         0		-999.00
-999	1538610453	2598		263.76		         0		-999.00
7256	1538611653	1200		273.47		 259105667		1555.00
7256	1538615253	3600		274.12		 282943479		1553.00
7256	1538618853	3600		273.35		 259024863		1531.00
7256	1538622453	3600		272.54		 237749883		1509.00
7256	1538626053	3600		271.84		 219756777		1499.00
7256	1538629653	3600		271.26		 201238010		1478.00
7256	1538633253	3600		270.66		 183406916		1463.00
7256	1538636853	3600		270.20		 169939753		1443.00
7256	1538640453	3600		269.46		 148436679		1434.00
7256	1538642668	2215		260.49		 145364094		 10.50
-999	1538643868	1200		260.31		         0		-999.00
-999	1538647468	3600		260.31		         0		-999.00
-999	1538651068	3600		263.67		         0		-999.00
-999	1538654668	3600		263.77		         0		-999.00
-999	1538658268	3600		263.82		         0		-999.00
-999	1538661868	3600		263.56		         0		-999.00
-999	1538665468	3600		263.84		         0		-999.00
-999	1538669068	3600		263.85		         0		-999.00
-999	1538672668	3600		263.95		         0		-999.00
-999	1538676268	3600		263.95		         0		-999.00
-999	1538679868	3600		260.66		         0		-999.00
-999	1538683468	3600		260.64		         0		-999.00
-999	1538684393	925		260.65		         0		-999.00
7259	1538685593	1200		273.65		 263105269		1588.00
7259	1538689193	3600		274.28		 288101128		1574.00
7259	1538692793	3600		273.48		 263669059		1554.00
7259	1538696393	3600		272.82		 245055788		1529.00
7259	1538699993	3600		272.12		 225537370		1514.00
7259	1538703593	3600		271.10		 206574849		1434.00
7259	1538707193	3600		270.86		 192723603		1469.00
7259	1538710793	3600		270.43		 178337892		1465.00
7259	1538714393	3600		269.95		 164090389		1455.00
7259	1538717993	3600		269.57		 152924896		1442.00
7259	1538720121	2128		269.57		 152983798		1441.00
-999	1538721321	1200		260.28		         0		-999.00
-999	1538724921	3600		260.51		         0		-999.00
-999	1538728521	3600		260.58		         0		-999.00
-999	1538732121	3600		260.22		         0		-999.00
-999	1538735721	3600		260.48		         0		-999.00
-999	1538739321	3600		263.90		         0		-999.00
-999	1538742921	3600		263.70		         0		-999.00
-999	1538746521	3600		263.88		         0		-999.00
-999	1538750121	3600		263.88		         0		-999.00
-999	1538753721	3600		263.88		         0		-999.00
-999	1538757321	3600		263.88		         0		-999.00
-999	1538760921	3600		264.02		         0		-999.00
-999	1538764521	3600		264.02		         0		-999.00
-999	1538768121	3600		264.02		         0		-999.00
-999	1538771721	3600		263.96		         0		-999.00
-999	1538775321	3600		264.02		         0		-999.00
-999	1538778921	3600		264.02		         0		-999.00
-999	1538782521	3600		264.02		         0		-999.00
-999	1538786121	3600		264.02		         0		-999.00
-999	1538789721	3600		264.02		         0		-999.00
-999	1538793321	3600		264.02		         0		-999.00
-999	1538796921	3600		264.02		         0		-999.00
-999	1538800521	3600		264.02		         0		-999.00
-999	1538804121	3600		264.02		         0		-999.00
-999	1538807721	3600		264.02		         0		-999.00
-999	1538811321	3600		263.80		         0		-999.00
-999	1538814921	3600		263.81		         0		-999.00
-999	1538818521	3600		263.82		         0		-999.00
-999	1538822121	3600		263.93		         0		-999.00
-999	1538825721	3600		263.93		         0		-999.00
-999	1538829321	3600		260.78		         0		-999.00
-999	1538832921	3600		260.66		         0		-999.00
-999	1538836521	3600		260.66		         0		-999.00
-999	1538840121	3600		260.36		         0		-999.00
-999	1538843721	3600		260.65		         0		-999.00
-999	1538847321	3600		260.53		         0		-999.00
-999	1538850921	3600		263.89		         0		-999.00
-999	1538854521	3600		264.01		         0		-999.00
-999	1538858121	3600		260.54		         0		-999.00
-999	1538861721	3600		260.60		         0		-999.00
-999	1538863030	1309		260.60		         0		-999.00
7264	1538864230	1200		273.06		 251012539		1533.00
7264	1538867830	3600		273.39		 260548681		1574.00
7264	1538871430	3600		272.80		 246341207		1518.00
7264	1538875030	3600		271.97		 222486297		1505.00
7264	1538878630	3600		271.39		 205226601		1477.00
7264	1538882230	3600		270.69		 185932168		1468.00
7264	1538885830	3600		270.16		 170001147		1453.00
7264	1538889430	3600		269.57		 154373078		1438.00
7264	1538893030	3600		269.09		 140521389		1425.00
7264	1538896630	3600		268.68		 128609022		1409.00
7264	1538900230	3600		268.25		 117414777		1397.00
7264	1538903830	3600		267.81		 106744452		1378.00
7264	1538907430	3600		267.57		  98777919		1367.00
7264	1538911030	3600		267.28		  91517827		1361.00
7264	1538914630	3600		260.48		  80238600		 10.50
7264	1538918230	3600		260.64		  17649934		 10.50
7264	1538921830	3600		260.65		  36262811		 10.50
7264	1538922448	618		260.65		  77282298		 10.50
-999	1538923648	1200		263.87		         0		-999.00
-999	1538927248	3600		263.88		         0		-999.00
-999	1538930848	3600		263.93		         0		-999.00
-999	1538934448	3600		260.60		         0		-999.00
-999	1538938048	3600		260.39		         0		-999.00
-999	1538940544	2496		260.76		         0		-999.00
7265	1538941744	1200		273.64		 263419667		1604.00
7265	1538945344	3600		273.79		 274261150		1563.00
7265	1538945357	13		279.32		 458451215		1563.00
-999	1538946557	1200		263.75		         0		-999.00
-999	1538950157	3600		260.51		         0		-999.00
-999	1538953757	3600		260.63		         0		-999.00
-999	1538955000	1243		260.66		         0		-999.00
7266	1538956200	1200		272.95		 242069748		1577.00
7266	1538959800	3600		273.34		 261940135		1544.00
7266	1538963400	3600		272.42		 236508453		1526.00
7266	1538967000	3600		271.77		 217084778		1497.00
7266	1538970600	3600		271.22		 200575150		1496.00
7266	1538974200	3600		270.67		 184288711		1483.00
7266	1538977800	3600		270.18		 171525364		1465.00
7266	1538981400	3600		269.77		 158647597		1463.00
7266	1538985000	3600		269.42		 149091555		1450.00
7266	1538988600	3600		269.06		 138805291		1437.00
7266	1538992200	3600		268.87		 132420870		1436.00
7266	1538993758	1558		267.57		 118001566		1275.00
-999	1538994958	1200		263.80		         0		-999.00
-999	1538998558	3600		260.80		         0		-999.00
-999	1539002158	3600		260.51		         0		-999.00
-999	1539005758	3600		260.61		         0		-999.00
-999	1539009358	3600		260.67		         0		-999.00
-999	1539012958	3600		260.67		         0		-999.00
-999	1539016558	3600		260.51		         0		-999.00
-999	1539020158	3600		263.90		         0		-999.00
-999	1539023758	3600		263.93		         0		-999.00
-999	1539027358	3600		260.76		         0		-999.00
-999	1539030958	3600		260.53		         0		-999.00
-999	1539032817	1859		260.73		         0		-999.00
7270	1539034017	1200		273.07		 252808355		1546.00
7270	1539037617	3600		273.55		 265376671		1550.00
7270	1539041217	3600		272.83		 247074381		1535.00
7270	1539044817	3600		272.22		 228038940		1519.00
7270	1539048417	3600		271.53		 208779372		1505.00
7270	1539052017	3600		270.90		 191576459		1485.00
7270	1539055617	3600		270.24		 173338170		1456.00
7270	1539059217	3600		269.69		 158989279		1446.00
7270	1539062817	3600		269.40		 150941901		1435.00
7270	1539066417	3600		269.11		 141284042		1443.00
7270	1539070017	3600		268.70		 129540956		1416.00
7270	1539073617	3600		268.18		 116302666		1402.00
7270	1539077217	3600		267.81		 105830652		1393.00
7270	1539080817	3600		267.46		  96053803		1388.00
7270	1539084417	3600		267.24		  88709123		1378.00
7270	1539086714	2297		266.63		  76177009		1354.00
