Fill	Timestamp [s]	Duration [s]	Temperature [K]	Fluence [n_eq/cm2/s]	Leakage_current [mA/cm2]
6385	1510557400	1200		263.03		   6424958		548.00
6385	1510561000	3600		262.80		   7322026		558.00
6385	1510564600	3600		262.77		   6461577		557.00
6385	1510568200	3600		262.76		   6059925		556.50
6385	1510571800	3600		262.75		   5605046		557.50
6385	1510575400	3600		262.74		   5247356		554.50
6385	1510579000	3600		262.73		   4975388		555.00
6385	1510582600	3600		262.72		   4671649		556.00
6385	1510586200	3600		262.71		   4469756		554.00
6385	1510589800	3600		262.71		   4219828		553.50
6385	1510593400	3600		262.70		   4053818		568.50
6385	1510597000	3600		262.70		   3893942		554.50
6385	1510600600	3600		262.69		   3694374		551.00
6385	1510604200	3600		262.69		   3512575		554.00
6385	1510607800	3600		262.68		   3386309		556.00
6385	1510611400	3600		262.68		   3232309		553.50
6385	1510615000	3600		262.67		   3103574		554.50
6385	1510618600	3600		262.67		   3012352		552.50
6385	1510622200	3600		262.67		   2881213		553.50
6385	1510625800	3600		262.66		   2790549		554.50
6385	1510629400	3600		262.66		   2673651		553.50
6385	1510633000	3600		262.66		   2596278		553.00
6385	1510636600	3600		262.65		   2488525		552.50
6385	1510640200	3600		262.65		   2404395		553.50
6385	1510643800	3600		262.65		   2341133		553.50
6385	1510647400	3600		262.65		   2248342		552.00
6385	1510648816	1416		262.64		   1855177		553.00
6386	1510650016	1200		259.32		   1855177		-999.00
6387	1510653616	3600		259.83		   1855177		-999.00
6388	1510648816	-4800		259.58		   1855177		-999.00
6386	1510657518	1200		262.77		   6784290		560.00
6386	1510661118	3600		262.81		   7869195		556.00
6386	1510664718	3600		262.78		   7051361		555.00
6386	1510668318	3600		262.77		   6517839		556.50
6386	1510671918	3600		262.75		   6014565		554.50
6386	1510675518	3600		262.74		   5664524		554.50
6386	1510679118	3600		262.73		   5324257		554.50
6386	1510682718	3600		262.72		   4992993		553.50
6386	1510686318	3600		262.71		   4757235		554.50
6386	1510689918	3600		262.70		   4490080		553.50
6386	1510693518	3600		262.70		   4277317		553.00
6386	1510697118	3600		262.69		   4100397		553.50
6386	1510697835	717		262.69		   4005102		553.50
6387	1510699035	1200		262.83		   4005102		-999.00
6388	1510702635	3600		259.32		   4005102		-999.00
6389	1510697835	-4800		259.57		   4005102		-999.00
6390	1510704714	1200		262.83		   4005102		-999.00
6391	1510708314	3600		259.32		   4005102		-999.00
6392	1510703514	-4800		259.32		   4005102		-999.00
6393	1510712452	1200		262.83		   4005102		-999.00
6394	1510716052	3600		259.32		   4005102		-999.00
6395	1510711252	-4800		259.83		   4005102		-999.00
6389	1510718119	1200		263.08		   8175932		558.50
6389	1510721719	3600		263.06		   7338893		555.50
6389	1510725319	3600		263.04		   6688250		554.50
6389	1510728919	3600		263.02		   6149330		555.50
6389	1510732519	3600		263.01		   5742793		554.50
6389	1510736119	3600		263.00		   5339679		554.00
6389	1510739719	3600		262.99		   5069690		554.00
6389	1510742286	2567		262.98		   4817962		554.50
6390	1510743486	1200		262.83		   4817962		-999.00
6391	1510747086	3600		262.32		   4817962		-999.00
6392	1510750686	3600		259.32		   4817962		-999.00
6393	1510754286	3600		259.83		   4817962		-999.00
6394	1510742286	-12000		259.83		   4817962		-999.00
6390	1510756364	1200		262.57		   8038642		552.50
6390	1510759964	3600		262.55		   7335441		555.50
6390	1510763564	3600		262.53		   6704307		556.00
6390	1510767164	3600		262.51		   6150698		554.00
6390	1510770764	3600		262.50		   5742213		552.50
6390	1510774364	3600		262.49		   5428088		555.50
6390	1510777964	3600		262.48		   5084898		553.50
6390	1510781564	3600		262.47		   4863646		554.50
6390	1510783750	2186		262.47		   4674062		555.50
6391	1510784950	1200		262.83		   4674062		-999.00
6392	1510788550	3600		262.83		   4674062		-999.00
6393	1510792150	3600		262.83		   4674062		-999.00
6394	1510795750	3600		262.83		   4674062		-999.00
6395	1510799350	3600		259.83		   4674062		-999.00
6396	1510802950	3600		259.32		   4674062		-999.00
6397	1510783750	-19200		259.32		   4674062		-999.00
6392	1510805469	1200		263.07		   7689623		556.50
6392	1510809069	3600		263.04		   6981378		555.50
6392	1510812669	3600		263.03		   6659968		555.00
6392	1510816269	3600		263.02		   6100055		555.00
6392	1510819869	3600		263.01		   5703798		554.00
6392	1510823469	3600		263.00		   5392514		554.00
6392	1510827069	3600		262.99		   5051831		553.50
6392	1510830669	3600		262.98		   4809837		552.50
6392	1510834269	3600		262.97		   4532075		550.50
6392	1510836884	2615		262.97		   4395625		553.50
6393	1510838084	1200		259.83		   4395625		-999.00
6394	1510841684	3600		259.58		   4395625		-999.00
6395	1510845284	3600		259.83		   4395625		-999.00
6396	1510848884	3600		262.32		   4395625		-999.00
6397	1510852484	3600		259.32		   4395625		-999.00
6398	1510856084	3600		259.32		   4395625		-999.00
6399	1510859684	3600		262.83		   4395625		-999.00
6400	1510863284	3600		259.32		   4395625		-999.00
6401	1510836884	-26400		259.83		   4395625		-999.00
6396	1510866432	1200		262.47		   4864782		548.50
6396	1510870032	3600		262.46		   4416750		554.00
6396	1510873632	3600		262.44		   3912163		552.50
6396	1510877232	3600		262.43		   3592943		552.00
6396	1510880832	3600		262.42		   3310653		551.50
6396	1510884432	3600		262.42		   3107588		551.00
6396	1510888032	3600		262.41		   2895013		553.00
6396	1510891632	3600		262.41		   2750381		551.00
6396	1510895232	3600		262.40		   2586514		552.50
6396	1510898832	3600		262.40		   2449063		551.50
6396	1510902432	3600		262.40		   2344807		551.50
6396	1510906032	3600		262.39		   2226870		550.00
6396	1510909632	3600		262.39		   2144091		551.00
6396	1510913232	3600		262.39		   2051370		546.50
6396	1510916832	3600		262.38		   1951953		550.00
6396	1510920432	3600		262.38		   1884776		549.50
6396	1510924032	3600		262.38		   1810097		548.50
6396	1510927632	3600		262.38		   1728610		549.50
6396	1510931232	3600		262.38		   1691509		549.50
6396	1510934832	3600		262.37		   1619286		548.00
6396	1510938432	3600		262.37		   1572560		548.50
6396	1510942032	3600		262.37		   1508455		549.50
6396	1510945632	3600		262.37		   1466791		547.50
6396	1510949232	3600		262.37		   1409247		549.00
6396	1510952832	3600		262.37		   1371711		546.50
6396	1510956432	3600		262.36		   1327829		550.00
6396	1510960032	3600		262.36		   1285970		549.50
6396	1510963632	3600		262.36		   1237731		549.50
6396	1510967232	3600		262.36		   1208513		548.00
6396	1510970832	3600		262.36		   1165432		547.00
6396	1510974432	3600		262.36		   1139270		547.50
6396	1510978032	3600		262.36		   1099164		549.00
6396	1510981632	3600		262.36		   1074374		548.50
6396	1510985232	3600		262.36		   1036602		545.00
6396	1510988832	3600		262.36		   1008042		548.50
6396	1510992432	3600		262.35		    984375		547.50
6396	1510996032	3600		262.35		    905000		547.50
6396	1510999057	3025		262.35		    936284		547.50
6397	1511000257	1200		259.83		    936284		-999.00
6398	1511003857	3600		259.32		    936284		-999.00
6399	1510999057	-4800		259.32		    936284		-999.00
6397	1511006405	1200		262.51		   6003756		554.00
6397	1511010005	3600		262.48		   5097454		550.00
6397	1511013605	3600		262.73		   4955852		551.00
6397	1511017205	3600		262.72		   4528392		551.00
6397	1511020805	3600		262.71		   4237404		550.00
6397	1511024405	3600		262.70		   3943002		549.50
6397	1511028005	3600		262.69		   3737516		548.00
6397	1511031605	3600		262.69		   3511450		548.50
6397	1511035205	3600		262.68		   3330808		549.00
6397	1511038805	3600		262.68		   3197905		549.50
6397	1511042405	3600		262.67		   3029305		548.50
6397	1511046005	3600		262.67		   2911376		548.00
6397	1511049605	3600		262.66		   2765404		548.50
6397	1511053205	3600		262.66		   2667857		549.50
6397	1511056805	3600		262.66		   2545111		548.50
6397	1511060405	3600		262.65		   2462732		549.00
6397	1511064005	3600		262.65		   2369848		549.00
6397	1511067605	3600		262.65		   2266370		549.00
6397	1511071205	3600		262.65		   2196198		548.00
6397	1511074805	3600		262.64		   2103006		548.00
6397	1511078405	3600		262.64		   2043395		548.50
6397	1511082005	3600		262.64		   1962051		547.50
6397	1511085605	3600		262.64		   1907596		549.50
6397	1511089205	3600		262.64		   1843475		549.00
6397	1511092805	3600		262.63		   1783182		548.00
6397	1511096405	3600		262.63		   1717057		546.50
6397	1511100005	3600		262.63		   1674483		548.00
6397	1511103605	3600		262.63		   1612787		548.00
6397	1511107205	3600		262.63		   1574320		547.50
6397	1511110805	3600		262.63		   1517714		547.00
6397	1511114396	3591		262.62		   1401159		547.50
6398	1511115596	1200		259.83		   1401159		-999.00
6399	1511119196	3600		259.32		   1401159		-999.00
6400	1511114396	-4800		259.58		   1401159		-999.00
6398	1511121946	1200		263.01		   5837893		548.50
6398	1511125546	3600		262.98		   4951434		550.50
6398	1511129146	3600		262.98		   4795769		550.00
6398	1511132746	3600		262.97		   4383681		549.50
6398	1511136346	3600		262.96		   4073138		547.50
6398	1511139946	3600		262.95		   3845663		547.50
6398	1511143546	3600		262.94		   3591437		548.50
6398	1511147146	3600		262.94		   3419605		548.00
6398	1511150746	3600		262.93		   3207514		549.00
6398	1511154346	3600		262.93		   3067918		549.00
6398	1511157946	3600		262.92		   2927850		547.00
6398	1511161546	3600		262.92		   2795535		548.00
6398	1511165146	3600		270.43		   2708960		1194.00
6398	1511167533	2387		267.62		   2569626		  8.00
6399	1511168733	1200		266.82		   2569626		-999.00
6400	1511172333	3600		267.39		   2569626		-999.00
6401	1511175933	3600		276.29		   2569626		-999.00
6402	1511167533	-8400		267.62		   2569626		-999.00
6399	1511177151	1200		276.29		   5603454		  7.00
6399	1511180751	3600		275.75		   5100638		  0.00
6399	1511184351	3600		280.99		   4275721		 14.00
6399	1511187951	3600		282.55		   4206912		 14.50
6399	1511191551	3600		284.85		   3900872		  0.00
6399	1511195151	3600		275.21		   3624700		  4.50
6399	1511198751	3600		267.44		   3447382		  7.50
6399	1511202351	3600		261.98		   3246137		506.00
6399	1511205951	3600		261.98		   3027912		495.00
6399	1511209551	3600		261.95		   2127870		502.50
6399	1511213151	3600		261.93		   1602606		503.00
6399	1511216751	3600		261.93		   1596982		499.00
6399	1511220351	3600		261.93		   1612103		500.00
6399	1511223951	3600		261.93		   1595815		501.50
6399	1511227551	3600		261.93		   1601677		502.00
6399	1511231151	3600		261.93		   1596408		500.50
6399	1511234751	3600		261.93		   1603792		501.50
6399	1511238351	3600		261.93		   1594742		501.50
6399	1511240507	2156		261.93		   1602365		500.50
6400	1511241707	1200		258.63		   1602365		-999.00
6401	1511245307	3600		258.88		   1602365		-999.00
6402	1511248907	3600		258.63		   1602365		-999.00
6403	1511252507	3600		259.14		   1602365		-999.00
6404	1511256107	3600		259.14		   1602365		-999.00
6405	1511259707	3600		259.67		   1602365		-999.00
6406	1511263307	3600		259.42		   1602365		-999.00
6407	1511240507	-22800		258.88		   1602365		-999.00
6402	1511266689	1200		262.68		     86253		545.50
6402	1511266841	152		262.68		    125766		545.50
6403	1511268041	1200		262.42		    125766		-999.00
6404	1511271641	3600		262.67		    125766		-999.00
6405	1511275241	3600		259.67		    125766		-999.00
6406	1511278841	3600		259.67		    125766		-999.00
6407	1511266841	-12000		259.67		    125766		-999.00
6404	1511281528	1200		263.53		  28495845		551.50
6404	1511285128	3600		262.92		   8260799		545.50
6404	1511288075	2947		262.84		   5501369		567.50
6405	1511289275	1200		262.67		   5501369		-999.00
6406	1511292875	3600		259.42		   5501369		-999.00
6407	1511296475	3600		259.42		   5501369		-999.00
6408	1511288075	-8400		259.67		   5501369		-999.00
6405	1511297765	1200		265.16		  82827018		600.00
6405	1511301365	3600		262.85		   5872820		548.50
6405	1511304965	3600		262.83		   5076397		546.50
6405	1511308565	3600		262.83		   5037048		546.50
6405	1511312165	3600		262.83		   5073309		548.50
6405	1511315765	3600		262.83		   5030050		546.50
6405	1511319365	3600		262.83		   5045076		547.00
6405	1511322965	3600		262.83		   5047970		546.00
6405	1511326565	3600		262.83		   5018583		546.00
6405	1511330165	3600		262.83		   5065643		546.00
6405	1511333765	3600		262.85		   5696644		550.50
6405	1511334092	327		262.81		   4380038		550.50
6406	1511335292	1200		259.67		   4380038		-999.00
6407	1511338892	3600		259.67		   4380038		-999.00
6408	1511342492	3600		259.67		   4380038		-999.00
6409	1511346092	3600		259.67		   4380038		-999.00
6410	1511349692	3600		259.67		   4380038		-999.00
6411	1511353292	3600		259.67		   4380038		-999.00
6412	1511356892	3600		259.67		   4380038		-999.00
6413	1511360492	3600		259.67		   4380038		-999.00
6414	1511364092	3600		259.67		   4380038		-999.00
6415	1511367692	3600		259.67		   4380038		-999.00
6416	1511371292	3600		259.67		   4380038		-999.00
6417	1511374892	3600		259.67		   4380038		-999.00
6418	1511378492	3600		259.67		   4380038		-999.00
6419	1511382092	3600		259.67		   4380038		-999.00
6420	1511334092	-48000		259.67		   4380038		-999.00
6411	1511384750	1200		263.35		  22380547		533.00
6411	1511388350	3600		262.84		   5393630		548.00
6411	1511391950	3600		262.83		   5062249		546.50
6411	1511395550	3600		262.83		   5038393		546.50
6411	1511399150	3600		262.83		   5052637		546.50
6411	1511402750	3600		262.83		   5008496		546.00
6411	1511406350	3600		262.83		   5050473		545.00
6411	1511409950	3600		262.83		   5019693		546.00
6411	1511413550	3600		262.83		   5057363		546.00
6411	1511417150	3600		262.83		   5026430		545.00
6411	1511420750	3600		262.83		   5052601		546.50
6411	1511424350	3600		262.83		   5038188		545.50
6411	1511427950	3600		262.83		   5049513		545.50
6411	1511431550	3600		262.83		   5014607		545.50
6411	1511435150	3600		262.83		   5060615		546.50
6411	1511438750	3600		262.83		   5012469		546.50
6411	1511442350	3600		262.83		   5035875		547.50
6411	1511445233	2883		262.82		   4997014		547.50
6412	1511446433	1200		259.67		   4997014		-999.00
6413	1511450033	3600		259.67		   4997014		-999.00
6414	1511453633	3600		259.67		   4997014		-999.00
6415	1511457233	3600		259.67		   4997014		-999.00
6416	1511460833	3600		259.67		   4997014		-999.00
6417	1511445233	-15600		259.67		   4997014		-999.00
6413	1511463430	1200		263.14		  15402130		541.50
6413	1511467030	3600		262.83		   5059396		548.50
6413	1511470630	3600		262.83		   5057363		546.50
6413	1511474230	3600		262.83		   5056180		555.50
6413	1511477830	3600		262.83		   5058510		549.50
6413	1511481430	3600		262.83		   5095292		546.50
6413	1511485030	3600		262.83		   5050475		546.50
6413	1511488630	3600		262.83		   5068057		542.50
6413	1511492230	3600		262.83		   5056941		547.00
6413	1511495830	3600		262.83		   5028069		546.50
6413	1511499430	3600		262.83		   5054229		546.50
6413	1511503030	3600		262.83		   5068603		545.50
6413	1511506630	3600		262.83		   5058475		546.50
6413	1511510230	3600		262.83		   5047982		545.50
6413	1511513830	3600		262.83		   5028940		545.50
6413	1511517430	3600		262.83		   5049334		546.50
6413	1511521030	3600		262.83		   5064877		546.00
6413	1511524630	3600		262.83		   5056259		546.00
6413	1511528230	3600		262.83		   5035854		547.00
6413	1511531830	3600		262.83		   5045501		546.00
6413	1511535430	3600		262.83		   5020840		546.50
6413	1511539030	3600		262.82		   4990677		546.50
6413	1511542630	3600		262.83		   5024798		546.00
6413	1511546230	3600		262.83		   5061824		546.00
6413	1511549830	3600		262.83		   5023375		545.50
6413	1511553430	3600		262.83		   5078525		546.50
6413	1511557030	3600		262.83		   5041615		546.50
6413	1511560630	3600		262.83		   5030415		547.50
6413	1511564230	3600		262.82		   4990714		547.50
6413	1511565273	1043		262.82		   4990884		548.00
6414	1511566473	1200		262.42		   4990884		-999.00
6415	1511570073	3600		262.67		   4990884		-999.00
6416	1511573673	3600		262.67		   4990884		-999.00
6417	1511577273	3600		259.42		   4990884		-999.00
6418	1511565273	-12000		259.67		   4990884		-999.00
6415	1511581573	1200		262.96		   9551446		532.00
6415	1511585173	3600		262.83		   5014764		545.00
6415	1511588773	3600		262.83		   5059095		546.00
6415	1511592373	3600		262.83		   5020900		546.00
6415	1511595973	3600		262.83		   5061289		546.00
6415	1511599573	3600		262.83		   5019084		546.00
6415	1511603173	3600		262.83		   5058944		545.50
6415	1511606773	3600		262.83		   5066450		546.50
6415	1511610373	3600		262.83		   5064418		545.50
6415	1511613973	3600		262.83		   5034133		546.00
6415	1511617573	3600		262.83		   5031405		546.00
6415	1511621173	3600		262.83		   5062202		546.00
6415	1511624773	3600		262.83		   5024749		546.00
6415	1511628373	3600		262.83		   5061509		545.00
6415	1511631973	3600		262.83		   5025835		545.00
6415	1511635573	3600		262.83		   5057700		546.00
6415	1511639173	3600		262.83		   5005565		545.00
6415	1511642623	3450		262.83		   5015519		546.00
6416	1511643823	1200		262.67		   5015519		-999.00
6417	1511647423	3600		259.67		   5015519		-999.00
6418	1511651023	3600		259.42		   5015519		-999.00
6419	1511654623	3600		259.42		   5015519		-999.00
6420	1511642623	-12000		259.67		   5015519		-999.00
6417	1511659070	1200		262.84		   5412971		551.00
6417	1511662670	3600		262.83		   5061565		548.00
6417	1511666270	3600		262.83		   5013039		547.00
6417	1511669870	3600		262.83		   5068440		546.00
6417	1511673470	3600		262.83		   5020786		546.00
6417	1511677070	3600		262.83		   5014757		546.00
6417	1511680670	3600		262.83		   5062620		546.00
6417	1511684270	3600		262.83		   5023496		546.00
6417	1511687870	3600		262.82		   4877485		548.00
6417	1511688687	817		263.02		  11507821		546.50
