Fill	Timestamp [s]	Duration [s]	Temperature [K]	Fluence [n_eq/cm2/s]	Leakage_current [mA/cm2]
7256	1538611653	1200		265.53		 100164513		969.00
7256	1538615253	3600		265.87		 109379684		970.00
7256	1538618853	3600		265.53		 100133276		960.00
7256	1538622453	3600		265.29		  91908840		953.50
7256	1538626053	3600		265.08		  84953104		952.00
7256	1538629653	3600		264.80		  77794158		946.50
7256	1538633253	3600		264.66		  70901052		941.50
7256	1538636853	3600		264.44		  65694945		934.50
7256	1538640453	3600		264.12		  57382333		930.50
7256	1538642668	2215		258.91		  56194540		 11.50
-999	1538643868	1200		258.83		         0		-999.00
-999	1538647468	3600		258.78		         0		-999.00
-999	1538651068	3600		262.01		         0		-999.00
-999	1538654668	3600		262.14		         0		-999.00
-999	1538658268	3600		262.25		         0		-999.00
-999	1538661868	3600		262.00		         0		-999.00
-999	1538665468	3600		262.22		         0		-999.00
-999	1538669068	3600		262.28		         0		-999.00
-999	1538672668	3600		262.40		         0		-999.00
-999	1538676268	3600		262.40		         0		-999.00
-999	1538679868	3600		259.18		         0		-999.00
-999	1538683468	3600		259.30		         0		-999.00
-999	1538684393	925		259.31		         0		-999.00
7259	1538685593	1200		265.67		 101710671		976.00
7259	1538689193	3600		265.96		 111373516		973.00
7259	1538692793	3600		265.55		 101928620		968.00
7259	1538696393	3600		265.34		  94733141		960.50
7259	1538699993	3600		265.11		  87187753		953.50
7259	1538703593	3600		264.47		  79857262		883.50
7259	1538707193	3600		264.61		  74502677		937.50
7259	1538710793	3600		264.44		  68941480		938.50
7259	1538714393	3600		264.28		  63433711		931.50
7259	1538717993	3600		264.20		  59117378		939.50
7259	1538720121	2128		264.15		  59140149		932.50
-999	1538721321	1200		258.80		         0		-999.00
-999	1538724921	3600		259.00		         0		-999.00
-999	1538728521	3600		259.11		         0		-999.00
-999	1538732121	3600		258.80		         0		-999.00
-999	1538735721	3600		259.04		         0		-999.00
-999	1538739321	3600		262.31		         0		-999.00
-999	1538742921	3600		262.02		         0		-999.00
-999	1538746521	3600		262.19		         0		-999.00
-999	1538750121	3600		262.19		         0		-999.00
-999	1538753721	3600		262.25		         0		-999.00
-999	1538757321	3600		262.19		         0		-999.00
-999	1538760921	3600		262.52		         0		-999.00
-999	1538764521	3600		262.58		         0		-999.00
-999	1538768121	3600		262.52		         0		-999.00
-999	1538771721	3600		262.46		         0		-999.00
-999	1538775321	3600		262.52		         0		-999.00
-999	1538778921	3600		262.52		         0		-999.00
-999	1538782521	3600		262.52		         0		-999.00
-999	1538786121	3600		262.52		         0		-999.00
-999	1538789721	3600		262.52		         0		-999.00
-999	1538793321	3600		262.52		         0		-999.00
-999	1538796921	3600		262.52		         0		-999.00
-999	1538800521	3600		262.52		         0		-999.00
-999	1538804121	3600		262.52		         0		-999.00
-999	1538807721	3600		262.52		         0		-999.00
-999	1538811321	3600		262.30		         0		-999.00
-999	1538814921	3600		262.35		         0		-999.00
-999	1538818521	3600		262.36		         0		-999.00
-999	1538822121	3600		262.47		         0		-999.00
-999	1538825721	3600		262.47		         0		-999.00
-999	1538829321	3600		259.34		         0		-999.00
-999	1538832921	3600		259.22		         0		-999.00
-999	1538836521	3600		259.22		         0		-999.00
-999	1538840121	3600		258.84		         0		-999.00
-999	1538843721	3600		259.20		         0		-999.00
-999	1538847321	3600		259.11		         0		-999.00
-999	1538850921	3600		262.35		         0		-999.00
-999	1538854521	3600		262.52		         0		-999.00
-999	1538858121	3600		259.00		         0		-999.00
-999	1538861721	3600		259.19		         0		-999.00
-999	1538863030	1309		259.25		         0		-999.00
7264	1538864230	1200		265.35		  97035889		962.00
7264	1538867830	3600		265.58		 100722351		969.00
7264	1538871430	3600		265.35		  95230056		958.50
7264	1538875030	3600		265.08		  86008276		951.00
7264	1538878630	3600		264.82		  79336059		946.00
7264	1538882230	3600		264.59		  71877259		939.00
7264	1538885830	3600		264.41		  65718679		935.00
7264	1538889430	3600		264.17		  59677214		932.00
7264	1538893030	3600		264.00		  54322457		928.50
7264	1538896630	3600		263.86		  49717400		926.50
7264	1538900230	3600		263.73		  45389953		919.50
7264	1538903830	3600		263.54		  41265041		915.50
7264	1538907430	3600		263.45		  38185356		910.00
7264	1538911030	3600		263.30		  35378765		910.50
7264	1538914630	3600		258.89		  31018466		  9.50
7264	1538918230	3600		259.12		   6823073		  9.50
7264	1538921830	3600		259.18		  14018399		  9.50
7264	1538922448	618		259.18		  29875625		  9.50
-999	1538923648	1200		262.24		         0		-999.00
-999	1538927248	3600		262.30		         0		-999.00
-999	1538930848	3600		262.42		         0		-999.00
-999	1538934448	3600		259.18		         0		-999.00
-999	1538938048	3600		258.94		         0		-999.00
-999	1538940544	2496		259.34		         0		-999.00
7265	1538941744	1200		265.66		 101832210		986.00
7265	1538945344	3600		265.74		 106023287		977.00
7265	1538945357	13		267.87		 177227088		977.00
-999	1538946557	1200		262.02		         0		-999.00
-999	1538950157	3600		259.08		         0		-999.00
-999	1538953757	3600		259.19		         0		-999.00
-999	1538955000	1243		259.19		         0		-999.00
7266	1538956200	1200		265.39		  93578804		981.50
7266	1538959800	3600		265.44		 101260256		969.00
7266	1538963400	3600		265.20		  91428931		961.00
7266	1538967000	3600		264.92		  83920168		953.50
7266	1538970600	3600		264.85		  77537911		956.50
7266	1538974200	3600		264.60		  71241935		949.50
7266	1538977800	3600		264.39		  66307907		943.50
7266	1538981400	3600		264.24		  61329648		941.50
7266	1538985000	3600		264.13		  57635494		937.50
7266	1538988600	3600		264.01		  53659052		938.00
7266	1538992200	3600		263.94		  51190976		937.50
7266	1538993758	1558		263.52		  45616792		886.00
-999	1538994958	1200		262.14		         0		-999.00
-999	1538998558	3600		259.34		         0		-999.00
-999	1539002158	3600		259.18		         0		-999.00
-999	1539005758	3600		259.28		         0		-999.00
-999	1539009358	3600		259.28		         0		-999.00
-999	1539012958	3600		259.28		         0		-999.00
-999	1539016558	3600		259.03		         0		-999.00
-999	1539020158	3600		262.38		         0		-999.00
-999	1539023758	3600		262.38		         0		-999.00
-999	1539027358	3600		259.28		         0		-999.00
-999	1539030958	3600		259.11		         0		-999.00
-999	1539032817	1859		259.30		         0		-999.00
7270	1539034017	1200		265.35		  97730112		973.50
7270	1539037617	3600		265.62		 102588745		981.50
7270	1539041217	3600		265.41		  95513485		971.00
7270	1539044817	3600		265.18		  88154804		969.00
7270	1539048417	3600		264.90		  80709482		962.00
7270	1539052017	3600		264.64		  74059217		955.00
7270	1539055617	3600		264.43		  67008698		947.00
7270	1539059217	3600		264.26		  61461735		943.50
7270	1539062817	3600		264.17		  58350796		943.00
7270	1539066417	3600		264.06		  54617282		943.00
7270	1539070017	3600		263.92		  50077665		936.00
7270	1539073617	3600		263.65		  44960035		929.00
7270	1539077217	3600		263.53		  40911786		929.00
7270	1539080817	3600		263.41		  37132273		925.50
7270	1539084417	3600		263.33		  34292982		922.00
7270	1539086714	2297		263.07		  29448345		910.50
-999	1539087914	1200		262.06		         0		-999.00
-999	1539091514	3600		261.80		         0		-999.00
-999	1539094678	3164		262.19		         0		-999.00
7271	1539095878	1200		265.33		  94609760		986.50
7271	1539099478	3600		265.59		 101247409		988.00
7271	1539103078	3600		265.15		  92382390		966.50
7271	1539106678	3600		265.02		  84491835		967.50
7271	1539108273	1595		264.86		  79097604		971.00
-999	1539109473	1200		258.80		         0		-999.00
-999	1539113073	3600		262.16		         0		-999.00
-999	1539116673	3600		262.28		         0		-999.00
-999	1539120273	3600		262.35		         0		-999.00
-999	1539123873	3600		262.35		         0		-999.00
-999	1539127473	3600		262.35		         0		-999.00
-999	1539131073	3600		262.41		         0		-999.00
-999	1539134673	3600		262.41		         0		-999.00
-999	1539138273	3600		262.41		         0		-999.00
-999	1539141873	3600		262.41		         0		-999.00
-999	1539145473	3600		262.41		         0		-999.00
-999	1539149073	3600		262.41		         0		-999.00
-999	1539152673	3600		262.16		         0		-999.00
-999	1539156273	3600		259.19		         0		-999.00
-999	1539159873	3600		259.18		         0		-999.00
-999	1539163473	3600		262.08		         0		-999.00
-999	1539167073	3600		262.18		         0		-999.00
-999	1539170673	3600		262.16		         0		-999.00
-999	1539174273	3600		262.09		         0		-999.00
-999	1539177873	3600		262.20		         0		-999.00
-999	1539181473	3600		262.09		         0		-999.00
-999	1539185073	3600		262.42		         0		-999.00
-999	1539188673	3600		262.42		         0		-999.00
-999	1539192273	3600		262.40		         0		-999.00
-999	1539195873	3600		262.46		         0		-999.00
-999	1539199473	3600		259.28		         0		-999.00
-999	1539203073	3600		259.14		         0		-999.00
-999	1539206673	3600		258.73		         0		-999.00
-999	1539207241	568		258.79		         0		-999.00
7274	1539208441	1200		265.56		  98339603		980.50
7274	1539212041	3600		265.23		  87634796		992.50
7274	1539215641	3600		265.56		 100064167		983.50
7274	1539219241	3600		265.31		  91917731		977.00
7274	1539222841	3600		265.04		  84934951		970.50
7274	1539225050	2209		264.37		  72227228		944.00
-999	1539226250	1200		261.94		         0		-999.00
-999	1539229850	3600		262.35		         0		-999.00
-999	1539233450	3600		262.34		         0		-999.00
-999	1539237050	3600		262.28		         0		-999.00
-999	1539240650	3600		261.99		         0		-999.00
-999	1539244250	3600		262.28		         0		-999.00
-999	1539247850	3600		262.28		         0		-999.00
-999	1539251450	3600		262.28		         0		-999.00
-999	1539255050	3600		261.93		         0		-999.00
-999	1539258650	3600		261.78		         0		-999.00
-999	1539262250	3600		262.07		         0		-999.00
-999	1539265850	3600		262.07		         0		-999.00
-999	1539269450	3600		262.07		         0		-999.00
-999	1539273050	3600		262.07		         0		-999.00
-999	1539276650	3600		262.07		         0		-999.00
-999	1539280250	3600		262.07		         0		-999.00
-999	1539283850	3600		262.07		         0		-999.00
-999	1539287450	3600		262.07		         0		-999.00
-999	1539291050	3600		262.07		         0		-999.00
-999	1539294650	3600		262.01		         0		-999.00
-999	1539298250	3600		262.01		         0		-999.00
-999	1539301850	3600		262.01		         0		-999.00
-999	1539305450	3600		262.01		         0		-999.00
-999	1539309050	3600		262.01		         0		-999.00
-999	1539312650	3600		262.01		         0		-999.00
-999	1539316250	3600		262.07		         0		-999.00
-999	1539319850	3600		262.07		         0		-999.00
-999	1539323450	3600		262.07		         0		-999.00
-999	1539327050	3600		262.07		         0		-999.00
-999	1539330650	3600		262.19		         0		-999.00
-999	1539334250	3600		262.18		         0		-999.00
-999	1539337850	3600		262.28		         0		-999.00
-999	1539341450	3600		262.26		         0		-999.00
-999	1539345050	3600		262.26		         0		-999.00
-999	1539348650	3600		262.26		         0		-999.00
-999	1539352250	3600		262.26		         0		-999.00
-999	1539355850	3600		262.26		         0		-999.00
-999	1539359450	3600		262.26		         0		-999.00
-999	1539363050	3600		262.26		         0		-999.00
-999	1539366650	3600		262.26		         0		-999.00
-999	1539370250	3600		262.26		         0		-999.00
-999	1539373850	3600		262.26		         0		-999.00
-999	1539377450	3600		262.26		         0		-999.00
-999	1539381050	3600		262.26		         0		-999.00
-999	1539384650	3600		262.26		         0		-999.00
-999	1539388250	3600		262.26		         0		-999.00
-999	1539391850	3600		262.26		         0		-999.00
-999	1539395450	3600		262.26		         0		-999.00
-999	1539399050	3600		262.26		         0		-999.00
-999	1539402650	3600		262.26		         0		-999.00
-999	1539406250	3600		262.26		         0		-999.00
-999	1539409850	3600		262.26		         0		-999.00
-999	1539413450	3600		262.26		         0		-999.00
-999	1539417050	3600		262.26		         0		-999.00
-999	1539420650	3600		262.26		         0		-999.00
-999	1539424250	3600		262.15		         0		-999.00
-999	1539427850	3600		262.26		         0		-999.00
-999	1539431450	3600		262.26		         0		-999.00
-999	1539435050	3600		262.26		         0		-999.00
-999	1539438650	3600		262.26		         0		-999.00
-999	1539442250	3600		262.19		         0		-999.00
-999	1539445850	3600		262.02		         0		-999.00
-999	1539449450	3600		258.82		         0		-999.00
-999	1539453050	3600		259.08		         0		-999.00
-999	1539456650	3600		259.19		         0		-999.00
-999	1539460250	3600		259.19		         0		-999.00
-999	1539463850	3600		259.14		         0		-999.00
-999	1539467450	3600		259.19		         0		-999.00
-999	1539471050	3600		259.34		         0		-999.00
-999	1539471160	110		259.40		         0		-999.00
7299	1539472360	1200		262.18		      7998		893.00
7299	1539475960	3600		262.23		      7276		903.50
7299	1539479560	3600		262.28		      6144		910.50
7299	1539483160	3600		262.28		      5271		911.50
7299	1539486760	3600		262.28		      4525		915.00
7299	1539489333	2573		262.28		      4095		915.00
-999	1539490533	1200		258.83		         0		-999.00
-999	1539494133	3600		259.19		         0		-999.00
-999	1539495803	1670		259.19		         0		-999.00
7300	1539497003	1200		262.25		      8686		904.50
7300	1539500603	3600		262.25		      7823		904.50
7300	1539504203	3600		262.25		      6520		904.50
7300	1539507803	3600		262.25		      5542		908.00
7300	1539508416	613		259.30		      5332		 12.00
