Fill	Timestamp [s]	Duration [s]	Temperature [K]	Fluence [n_eq/cm2/s]	Leakage_current [mA/cm2]
7125	1536086904	1200		266.04		 101036560		947.50
7125	1536090504	3600		266.21		 106628876		933.50
7125	1536094104	3600		265.90		  97835547		927.00
7125	1536097704	3600		265.64		  91173191		920.00
7125	1536101304	3600		265.40		  83373232		916.00
7125	1536104904	3600		265.22		  77275163		912.50
7125	1536108504	3600		265.02		  70748381		908.00
7125	1536112104	3600		264.81		  65811365		904.50
7125	1536115704	3600		264.65		  60338535		900.00
7125	1536119304	3600		264.46		  55984373		900.00
7125	1536121786	2482		264.41		  54486005		893.00
-999	1536122986	1200		259.18		         0		-999.00
-999	1536126586	3600		262.72		         0		-999.00
-999	1536130186	3600		262.33		         0		-999.00
-999	1536133786	3600		262.82		         0		-999.00
-999	1536137386	3600		262.78		         0		-999.00
-999	1536140986	3600		262.57		         0		-999.00
-999	1536141634	648		262.75		         0		-999.00
7127	1536142834	1200		266.16		 103607154		952.00
7127	1536146434	3600		266.33		 109223212		948.50
7127	1536150034	3600		266.00		 102412103		932.50
7127	1536153634	3600		265.72		  93016752		927.00
7127	1536157234	3600		265.50		  85884990		923.50
7127	1536160834	3600		265.27		  78097126		918.50
7127	1536164434	3600		265.09		  72131492		911.50
7127	1536168034	3600		264.84		  65720799		910.00
7127	1536171634	3600		264.62		  60596766		902.00
7127	1536175234	3600		264.30		  57360128		879.50
7127	1536178834	3600		264.34		  51574550		896.50
7127	1536182434	3600		264.12		  48219082		886.00
7127	1536185562	3128		263.82		  41910272		876.00
-999	1536186762	1200		262.67		         0		-999.00
-999	1536190362	3600		259.50		         0		-999.00
-999	1536192661	2299		259.76		         0		-999.00
7128	1536193861	1200		266.11		 102362223		954.00
7128	1536197461	3600		266.30		 108742447		948.50
7128	1536201061	3600		265.89		  98847799		940.00
7128	1536204661	3600		265.66		  91270470		933.00
7128	1536208261	3600		265.40		  82449395		926.50
7128	1536211861	3600		265.22		  76633794		923.00
7128	1536215461	3600		265.01		  69631261		916.00
7128	1536216485	1024		264.85		  66179802		915.50
-999	1536217685	1200		262.44		         0		-999.00
-999	1536221285	3600		259.65		         0		-999.00
-999	1536224885	3600		259.52		         0		-999.00
-999	1536228485	3600		259.69		         0		-999.00
-999	1536232085	3600		259.11		         0		-999.00
-999	1536234138	2053		259.55		         0		-999.00
7131	1536235338	1200		266.24		 104405617		968.50
7131	1536238938	3600		266.30		 110455069		957.50
7131	1536242538	3600		266.03		 101345749		945.00
7131	1536246138	3600		265.72		  93319027		937.00
7131	1536249738	3600		265.47		  84975361		933.00
7131	1536253338	3600		265.21		  78279635		926.00
7131	1536256938	3600		265.01		  71522921		922.00
7131	1536260538	3600		264.86		  66356743		918.50
7131	1536264138	3600		264.57		  58790677		911.50
7131	1536267738	3600		264.52		  55085041		908.50
7131	1536268413	675		264.43		  53944503		908.50
-999	1536269613	1200		262.73		         0		-999.00
-999	1536273213	3600		262.76		         0		-999.00
-999	1536275070	1857		262.82		         0		-999.00
7132	1536276270	1200		265.86		  92783112		963.00
7132	1536279870	3600		266.04		 102945568		953.50
7132	1536283470	3600		265.81		  95129570		947.50
7132	1536287070	3600		265.56		  86985745		940.50
7132	1536290670	3600		265.25		  80353850		933.00
7132	1536294270	3600		265.03		  73278000		927.50
7132	1536295684	1414		264.93		  69891302		927.50
-999	1536296884	1200		262.48		         0		-999.00
-999	1536300484	3600		262.31		         0		-999.00
-999	1536304084	3600		262.71		         0		-999.00
-999	1536307684	3600		259.62		         0		-999.00
-999	1536311284	3600		259.58		         0		-999.00
-999	1536311348	64		259.58		         0		-999.00
7133	1536312548	1200		265.87		  96244097		955.00
7133	1536316148	3600		266.13		 104903440		954.00
7133	1536319748	3600		265.85		  95358521		949.50
7133	1536323348	3600		265.54		  87309953		942.50
7133	1536323858	510		265.40		  82372269		942.50
-999	1536325058	1200		262.50		         0		-999.00
-999	1536328658	3600		259.73		         0		-999.00
-999	1536332258	3600		259.76		         0		-999.00
-999	1536335160	2902		259.73		         0		-999.00
7135	1536336360	1200		265.92		  94262672		970.00
7135	1536339960	3600		265.93		  98403392		949.00
7135	1536343560	3600		265.73		  91960949		950.00
7135	1536347160	3600		265.51		  86382461		943.00
7135	1536347926	766		264.28		  55548246		916.00
-999	1536349126	1200		259.30		         0		-999.00
-999	1536352726	3600		262.67		         0		-999.00
-999	1536356326	3600		262.79		         0		-999.00
-999	1536359926	3600		259.50		         0		-999.00
-999	1536362297	2371		259.69		         0		-999.00
7137	1536363497	1200		265.87		  94931854		973.00
7137	1536367097	3600		266.12		 103184082		956.50
7137	1536370697	3600		265.83		  95256785		953.50
7137	1536374297	3600		265.56		  88019663		948.50
7137	1536377897	3600		265.33		  80554597		938.00
7137	1536381497	3600		265.15		  74654589		940.00
7137	1536385097	3600		264.92		  68699292		929.50
7137	1536388697	3600		264.75		  63162415		926.00
7137	1536392297	3600		264.53		  57878425		921.50
7137	1536395897	3600		264.49		  56570309		922.00
7137	1536399497	3600		264.35		  51737046		913.50
7137	1536403097	3600		264.20		  46764609		913.50
7137	1536406697	3600		263.77		  40198099		894.00
7137	1536409379	2682		259.39		  38450993		 10.50
-999	1536410579	1200		259.45		         0		-999.00
-999	1536414179	3600		259.40		         0		-999.00
-999	1536417779	3600		259.38		         0		-999.00
-999	1536420728	2949		259.77		         0		-999.00
7139	1536421928	1200		265.70		  89656824		970.00
7139	1536425528	3600		265.91		  98521383		961.50
7139	1536429128	3600		265.22		  91248594		877.50
7139	1536432728	3600		264.98		  85176521		871.50
7139	1536436328	3600		265.23		  77889665		946.50
7139	1536439928	3600		265.04		  71637392		939.50
7139	1536443528	3600		264.82		  66487339		935.00
7139	1536447128	3600		264.68		  61604915		928.00
7139	1536450728	3600		264.55		  57433329		928.00
7139	1536454328	3600		264.44		  55494847		924.50
7139	1536457928	3600		264.30		  50767832		924.00
7139	1536461528	3600		264.23		  48305934		920.50
7139	1536465128	3600		264.00		  43123606		908.00
7139	1536465786	658		259.39		  31705509		 12.00
-999	1536466986	1200		259.81		         0		-999.00
-999	1536470586	3600		259.63		         0		-999.00
-999	1536474186	3600		259.50		         0		-999.00
-999	1536474695	509		259.67		         0		-999.00
-999	1536476173	1200		262.79		         0		-999.00
-999	1536479773	3600		262.73		         0		-999.00
-999	1536483373	3600		262.79		         0		-999.00
-999	1536486973	3600		259.45		         0		-999.00
-999	1536490573	3600		259.67		         0		-999.00
-999	1536494173	3600		259.67		         0		-999.00
-999	1536497773	3600		259.67		         0		-999.00
-999	1536501373	3600		259.60		         0		-999.00
-999	1536501467	94		259.60		         0		-999.00
7144	1536502667	1200		266.15		 103268071		1002.00
7144	1536506267	3600		266.30		 112148938		973.00
7144	1536509867	3600		265.93		 103533868		962.50
7144	1536513467	3600		265.74		  93295298		964.00
7144	1536517067	3600		265.07		  86423995		882.00
7144	1536520667	3600		265.21		  79094090		949.50
7144	1536524267	3600		265.00		  72126781		941.00
7144	1536527867	3600		264.84		  66659637		937.50
7144	1536531467	3600		264.64		  60144513		933.50
7144	1536534383	2916		264.53		  56407093		933.50
-999	1536535583	1200		262.54		         0		-999.00
-999	1536539183	3600		259.04		         0		-999.00
-999	1536542783	3600		259.70		         0		-999.00
-999	1536543057	274		259.60		         0		-999.00
7145	1536544257	1200		265.97		  98317943		1001.00
7145	1536547857	3600		266.23		 106748004		976.00
7145	1536551457	3600		265.87		  98406502		972.00
7145	1536555057	3600		265.62		  90131781		959.50
7145	1536558657	3600		265.42		  83367761		959.50
7145	1536562257	3600		265.21		  76346221		952.50
7145	1536565857	3600		265.02		  70129502		948.50
7145	1536569457	3600		264.62		  64834865		893.50
7145	1536573057	3600		264.57		  59323758		940.00
7145	1536575398	2341		264.47		  55955198		936.50
-999	1536576598	1200		259.25		         0		-999.00
-999	1536580198	3600		262.42		         0		-999.00
-999	1536583798	3600		262.76		         0		-999.00
-999	1536587398	3600		262.36		         0		-999.00
-999	1536590998	3600		262.65		         0		-999.00
-999	1536594598	3600		262.82		         0		-999.00
-999	1536598198	3600		262.82		         0		-999.00
-999	1536601798	3600		262.82		         0		-999.00
-999	1536605398	3600		262.82		         0		-999.00
-999	1536608998	3600		262.82		         0		-999.00
-999	1536612598	3600		262.82		         0		-999.00
-999	1536616198	3600		262.82		         0		-999.00
-999	1536619798	3600		262.82		         0		-999.00
-999	1536623398	3600		262.82		         0		-999.00
-999	1536626998	3600		262.82		         0		-999.00
-999	1536630598	3600		262.82		         0		-999.00
-999	1536634198	3600		262.82		         0		-999.00
-999	1536637798	3600		262.82		         0		-999.00
-999	1536641398	3600		262.82		         0		-999.00
-999	1536644998	3600		262.82		         0		-999.00
-999	1536648598	3600		262.70		         0		-999.00
-999	1536652198	3600		262.47		         0		-999.00
-999	1536655798	3600		262.88		         0		-999.00
-999	1536659398	3600		262.45		         0		-999.00
-999	1536662998	3600		262.39		         0		-999.00
-999	1536666598	3600		262.38		         0		-999.00
-999	1536670198	3600		262.14		         0		-999.00
-999	1536673798	3600		262.63		         0		-999.00
-999	1536677398	3600		262.63		         0		-999.00
-999	1536680998	3600		262.63		         0		-999.00
-999	1536684598	3600		262.63		         0		-999.00
-999	1536688198	3600		262.65		         0		-999.00
-999	1536691798	3600		262.65		         0		-999.00
-999	1536695398	3600		262.65		         0		-999.00
-999	1536698998	3600		262.65		         0		-999.00
-999	1536702598	3600		262.65		         0		-999.00
-999	1536706198	3600		262.65		         0		-999.00
-999	1536709798	3600		262.65		         0		-999.00
-999	1536713398	3600		262.65		         0		-999.00
-999	1536716998	3600		262.65		         0		-999.00
-999	1536720598	3600		262.65		         0		-999.00
-999	1536724198	3600		258.45		         0		-999.00
-999	1536727798	3600		258.28		         0		-999.00
-999	1536731398	3600		258.34		         0		-999.00
-999	1536734998	3600		258.50		         0		-999.00
-999	1536738598	3600		258.66		         0		-999.00
-999	1536742198	3600		258.66		         0		-999.00
-999	1536745798	3600		258.50		         0		-999.00
-999	1536749398	3600		258.54		         0		-999.00
-999	1536752998	3600		258.60		         0		-999.00
-999	1536756598	3600		258.60		         0		-999.00
-999	1536760198	3600		258.44		         0		-999.00
-999	1536763798	3600		258.44		         0		-999.00
-999	1536767398	3600		258.66		         0		-999.00
-999	1536770998	3600		258.66		         0		-999.00
-999	1536774598	3600		258.66		         0		-999.00
-999	1536778198	3600		258.54		         0		-999.00
-999	1536781798	3600		258.60		         0		-999.00
-999	1536785398	3600		258.60		         0		-999.00
-999	1536788998	3600		258.54		         0		-999.00
-999	1536792598	3600		258.54		         0		-999.00
-999	1536796198	3600		258.60		         0		-999.00
-999	1536799798	3600		258.60		         0		-999.00
-999	1536803398	3600		258.54		         0		-999.00
-999	1536806998	3600		258.54		         0		-999.00
-999	1536810598	3600		258.54		         0		-999.00
-999	1536814198	3600		258.66		         0		-999.00
-999	1536817798	3600		258.62		         0		-999.00
-999	1536821398	3600		258.49		         0		-999.00
-999	1536824998	3600		258.64		         0		-999.00
-999	1536828598	3600		258.64		         0		-999.00
-999	1536832198	3600		258.59		         0		-999.00
-999	1536835798	3600		258.53		         0		-999.00
-999	1536839398	3600		258.64		         0		-999.00
-999	1536842998	3600		258.64		         0		-999.00
-999	1536846598	3600		258.64		         0		-999.00
-999	1536850198	3600		258.53		         0		-999.00
-999	1536853798	3600		258.43		         0		-999.00
-999	1536857398	3600		258.64		         0		-999.00
-999	1536860998	3600		258.64		         0		-999.00
-999	1536864598	3600		258.64		         0		-999.00
-999	1536868198	3600		258.64		         0		-999.00
-999	1536871798	3600		258.64		         0		-999.00
-999	1536875398	3600		258.43		         0		-999.00
-999	1536878998	3600		258.53		         0		-999.00
-999	1536882598	3600		258.64		         0		-999.00
-999	1536886198	3600		258.64		         0		-999.00
-999	1536889798	3600		258.58		         0		-999.00
-999	1536893398	3600		258.64		         0		-999.00
-999	1536896998	3600		258.64		         0		-999.00
-999	1536900598	3600		258.43		         0		-999.00
-999	1536904198	3600		258.64		         0		-999.00
-999	1536907798	3600		258.64		         0		-999.00
-999	1536911398	3600		258.53		         0		-999.00
-999	1536914998	3600		258.64		         0		-999.00
-999	1536918598	3600		258.64		         0		-999.00
-999	1536922198	3600		258.64		         0		-999.00
-999	1536925798	3600		258.53		         0		-999.00
-999	1536929398	3600		258.64		         0		-999.00
-999	1536932998	3600		258.64		         0		-999.00
-999	1536936598	3600		258.64		         0		-999.00
-999	1536940198	3600		258.53		         0		-999.00
-999	1536943798	3600		258.59		         0		-999.00
-999	1536947398	3600		258.58		         0		-999.00
-999	1536950998	3600		258.53		         0		-999.00
-999	1536954598	3600		258.53		         0		-999.00
-999	1536958198	3600		258.64		         0		-999.00
-999	1536961798	3600		258.53		         0		-999.00
-999	1536965398	3600		258.64		         0		-999.00
-999	1536968998	3600		258.53		         0		-999.00
-999	1536972598	3600		258.43		         0		-999.00
-999	1536976198	3600		258.58		         0		-999.00
-999	1536979798	3600		258.64		         0		-999.00
-999	1536983398	3600		258.53		         0		-999.00
-999	1536986998	3600		258.58		         0		-999.00
-999	1536990598	3600		258.53		         0		-999.00
-999	1536994198	3600		258.53		         0		-999.00
-999	1536997798	3600		258.53		         0		-999.00
-999	1537001398	3600		258.53		         0		-999.00
-999	1537004998	3600		258.53		         0		-999.00
-999	1537008598	3600		258.43		         0		-999.00
-999	1537012198	3600		258.64		         0		-999.00
-999	1537015798	3600		258.64		         0		-999.00
-999	1537019398	3600		258.53		         0		-999.00
-999	1537022998	3600		258.43		         0		-999.00
-999	1537026598	3600		258.64		         0		-999.00
-999	1537030198	3600		258.53		         0		-999.00
-999	1537033798	3600		258.64		         0		-999.00
-999	1537037398	3600		258.53		         0		-999.00
-999	1537040998	3600		258.53		         0		-999.00
-999	1537044598	3600		258.32		         0		-999.00
-999	1537048198	3600		258.64		         0		-999.00
-999	1537051798	3600		258.53		         0		-999.00
-999	1537055398	3600		258.53		         0		-999.00
-999	1537058998	3600		258.43		         0		-999.00
-999	1537062598	3600		258.58		         0		-999.00
-999	1537066198	3600		258.58		         0		-999.00
-999	1537069798	3600		258.53		         0		-999.00
-999	1537073398	3600		258.43		         0		-999.00
-999	1537076998	3600		258.64		         0		-999.00
-999	1537080042	3044		258.53		         0		-999.00
7188	1537081242	1200		258.53		         0		 12.00
7188	1537084842	3600		258.48		         0		 12.00
7188	1537088442	3600		258.64		         0		 12.00
7188	1537092042	3600		258.53		         0		 12.00
7188	1537095642	3600		258.43		         0		 12.00
7188	1537096150	508		258.43		         0		 12.00
-999	1537097350	1200		258.53		         0		-999.00
-999	1537100950	3600		258.64		         0		-999.00
-999	1537104550	3600		258.53		         0		-999.00
-999	1537108150	3600		258.53		         0		-999.00
-999	1537111750	3600		258.43		         0		-999.00
-999	1537115350	3600		258.53		         0		-999.00
-999	1537118950	3600		258.58		         0		-999.00
-999	1537122550	3600		258.53		         0		-999.00
-999	1537126150	3600		258.53		         0		-999.00
-999	1537129750	3600		258.43		         0		-999.00
-999	1537133350	3600		258.58		         0		-999.00
-999	1537136950	3600		258.58		         0		-999.00
-999	1537140550	3600		258.53		         0		-999.00
-999	1537144150	3600		258.53		         0		-999.00
-999	1537147750	3600		258.53		         0		-999.00
-999	1537151350	3600		258.64		         0		-999.00
-999	1537154950	3600		258.53		         0		-999.00
-999	1537158550	3600		258.43		         0		-999.00
-999	1537162150	3600		258.43		         0		-999.00
-999	1537165750	3600		258.54		         0		-999.00
-999	1537169350	3600		258.86		         0		-999.00
-999	1537172950	3600		258.92		         0		-999.00
-999	1537176550	3600		262.38		         0		-999.00
-999	1537180150	3600		259.53		         0		-999.00
-999	1537183750	3600		262.50		         0		-999.00
-999	1537187350	3600		262.63		         0		-999.00
-999	1537190950	3600		262.51		         0		-999.00
-999	1537194550	3600		262.51		         0		-999.00
-999	1537198150	3600		262.63		         0		-999.00
-999	1537201750	3600		262.81		         0		-999.00
-999	1537205350	3600		262.81		         0		-999.00
-999	1537208950	3600		262.81		         0		-999.00
-999	1537212550	3600		262.79		         0		-999.00
-999	1537216150	3600		262.61		         0		-999.00
-999	1537219750	3600		262.78		         0		-999.00
-999	1537223350	3600		262.78		         0		-999.00
-999	1537226950	3600		262.78		         0		-999.00
-999	1537230550	3600		262.78		         0		-999.00
-999	1537234150	3600		262.78		         0		-999.00
-999	1537237750	3600		262.76		         0		-999.00
-999	1537241350	3600		262.82		         0		-999.00
-999	1537244950	3600		262.65		         0		-999.00
-999	1537248550	3600		262.82		         0		-999.00
-999	1537252150	3600		262.36		         0		-999.00
-999	1537255750	3600		262.60		         0		-999.00
-999	1537259350	3600		262.70		         0		-999.00
-999	1537262950	3600		262.69		         0		-999.00
-999	1537266550	3600		262.80		         0		-999.00
-999	1537270150	3600		262.73		         0		-999.00
-999	1537273750	3600		262.85		         0		-999.00
-999	1537277350	3600		262.73		         0		-999.00
-999	1537280950	3600		262.63		         0		-999.00
-999	1537284550	3600		262.37		         0		-999.00
-999	1537288150	3600		262.61		         0		-999.00
-999	1537291750	3600		262.61		         0		-999.00
-999	1537295350	3600		262.72		         0		-999.00
-999	1537298950	3600		262.72		         0		-999.00
-999	1537302550	3600		262.72		         0		-999.00
-999	1537306150	3600		262.72		         0		-999.00
-999	1537309750	3600		262.72		         0		-999.00
-999	1537313350	3600		262.72		         0		-999.00
-999	1537316950	3600		262.72		         0		-999.00
-999	1537320550	3600		262.72		         0		-999.00
-999	1537324150	3600		262.72		         0		-999.00
-999	1537327750	3600		262.72		         0		-999.00
-999	1537331350	3600		262.37		         0		-999.00
-999	1537334950	3600		262.49		         0		-999.00
-999	1537338550	3600		262.49		         0		-999.00
-999	1537342150	3600		262.49		         0		-999.00
-999	1537345750	3600		262.49		         0		-999.00
-999	1537349350	3600		262.55		         0		-999.00
-999	1537352950	3600		262.49		         0		-999.00
-999	1537356550	3600		262.49		         0		-999.00
-999	1537360150	3600		261.85		         0		-999.00
-999	1537363750	3600		262.14		         0		-999.00
-999	1537367350	3600		261.95		         0		-999.00
-999	1537370950	3600		262.12		         0		-999.00
-999	1537374550	3600		262.02		         0		-999.00
-999	1537378150	3600		262.13		         0		-999.00
-999	1537381750	3600		262.13		         0		-999.00
-999	1537385350	3600		262.31		         0		-999.00
-999	1537388950	3600		262.16		         0		-999.00
-999	1537392550	3600		262.11		         0		-999.00
-999	1537396150	3600		262.11		         0		-999.00
-999	1537399750	3600		262.11		         0		-999.00
-999	1537403350	3600		262.11		         0		-999.00
-999	1537406950	3600		262.25		         0		-999.00
-999	1537410550	3600		262.38		         0		-999.00
-999	1537414150	3600		262.38		         0		-999.00
-999	1537417750	3600		262.07		         0		-999.00
-999	1537421350	3600		262.07		         0		-999.00
-999	1537424950	3600		264.03		         0		-999.00
-999	1537428550	3600		264.95		         0		-999.00
-999	1537432150	3600		255.51		         0		-999.00
-999	1537435750	3600		258.99		         0		-999.00
-999	1537439350	3600		258.88		         0		-999.00
-999	1537442950	3600		262.17		         0		-999.00
-999	1537446550	3600		262.03		         0		-999.00
-999	1537450150	3600		262.14		         0		-999.00
-999	1537453750	3600		262.14		         0		-999.00
-999	1537457350	3600		262.04		         0		-999.00
-999	1537460950	3600		262.30		         0		-999.00
-999	1537464550	3600		262.32		         0		-999.00
-999	1537468150	3600		262.04		         0		-999.00
-999	1537471750	3600		262.16		         0		-999.00
-999	1537475350	3600		262.16		         0		-999.00
-999	1537478950	3600		262.16		         0		-999.00
-999	1537482550	3600		262.16		         0		-999.00
-999	1537486150	3600		262.35		         0		-999.00
-999	1537489750	3600		262.35		         0		-999.00
-999	1537493350	3600		262.35		         0		-999.00
-999	1537496950	3600		262.35		         0		-999.00
-999	1537500550	3600		262.28		         0		-999.00
-999	1537504150	3600		262.35		         0		-999.00
-999	1537507750	3600		262.03		         0		-999.00
-999	1537511350	3600		262.02		         0		-999.00
-999	1537514950	3600		262.14		         0		-999.00
-999	1537518550	3600		255.39		         0		-999.00
-999	1537522150	3600		255.28		         0		-999.00
-999	1537525750	3600		255.39		         0		-999.00
-999	1537529350	3600		255.56		         0		-999.00
-999	1537532950	3600		255.51		         0		-999.00
-999	1537536550	3600		262.36		         0		-999.00
-999	1537540150	3600		262.11		         0		-999.00
-999	1537543750	3600		262.46		         0		-999.00
-999	1537547350	3600		262.15		         0		-999.00
-999	1537550950	3600		258.89		         0		-999.00
-999	1537554550	3600		259.14		         0		-999.00
-999	1537558150	3600		259.19		         0		-999.00
-999	1537561750	3600		259.19		         0		-999.00
-999	1537565350	3600		258.80		         0		-999.00
-999	1537568950	3600		259.19		         0		-999.00
-999	1537572550	3600		259.19		         0		-999.00
-999	1537576150	3600		258.80		         0		-999.00
-999	1537579750	3600		259.30		         0		-999.00
-999	1537583350	3600		259.25		         0		-999.00
-999	1537586950	3600		259.28		         0		-999.00
-999	1537590550	3600		259.18		         0		-999.00
-999	1537594150	3600		259.28		         0		-999.00
-999	1537597750	3600		259.28		         0		-999.00
-999	1537601350	3600		258.94		         0		-999.00
-999	1537604950	3600		259.23		         0		-999.00
-999	1537608550	3600		259.18		         0		-999.00
-999	1537612150	3600		259.18		         0		-999.00
-999	1537615750	3600		259.18		         0		-999.00
-999	1537619350	3600		259.18		         0		-999.00
-999	1537622950	3600		259.18		         0		-999.00
-999	1537626550	3600		259.18		         0		-999.00
-999	1537630150	3600		259.18		         0		-999.00
-999	1537633750	3600		259.18		         0		-999.00
-999	1537637350	3600		259.18		         0		-999.00
-999	1537640950	3600		259.06		         0		-999.00
-999	1537644550	3600		259.06		         0		-999.00
-999	1537648150	3600		258.77		         0		-999.00
-999	1537651750	3600		259.28		         0		-999.00
-999	1537655350	3600		259.34		         0		-999.00
-999	1537658950	3600		259.34		         0		-999.00
-999	1537662550	3600		259.28		         0		-999.00
-999	1537666150	3600		259.19		         0		-999.00
-999	1537669750	3600		259.40		         0		-999.00
-999	1537673350	3600		259.25		         0		-999.00
-999	1537676950	3600		259.00		         0		-999.00
-999	1537680550	3600		259.42		         0		-999.00
-999	1537684150	3600		258.90		         0		-999.00
-999	1537687750	3600		259.12		         0		-999.00
-999	1537691350	3600		259.19		         0		-999.00
-999	1537694950	3600		258.99		         0		-999.00
-999	1537696196	1246		258.75		         0		-999.00
7211	1537697396	1200		261.93		   2064807		796.50
7211	1537700996	3600		262.29		   2237161		826.00
7211	1537704596	3600		262.28		   2027265		824.50
7211	1537708196	3600		262.06		   1903563		805.00
7211	1537710680	2484		262.11		   1894084		 11.00
-999	1537711880	1200		262.25		         0		-999.00
-999	1537715480	3600		261.69		         0		-999.00
-999	1537719080	3600		262.01		         0		-999.00
-999	1537719764	684		262.12		         0		-999.00
7212	1537720964	1200		262.71		  23260976		799.00
7212	1537724564	3600		263.13		  25613480		843.00
7212	1537728164	3600		262.92		  23327322		835.50
7212	1537731764	3600		262.66		  22428406		814.50
7212	1537735364	3600		262.65		  21510605		810.50
7212	1537738964	3600		262.82		  20078835		821.00
7212	1537739545	581		262.76		  17900543		835.00
-999	1537740745	1200		258.85		         0		-999.00
-999	1537744345	3600		259.04		         0		-999.00
-999	1537746460	2115		259.28		         0		-999.00
7213	1537747660	1200		263.96		  54076306		834.50
7213	1537751260	3600		264.05		  57104359		865.00
7213	1537754860	3600		264.00		  53179028		866.00
7213	1537758460	3600		263.90		  50145209		864.00
7213	1537762060	3600		263.33		  46473883		794.00
7213	1537763357	1297		262.98		  38350256		795.00
