Fill	Timestamp [s]	Duration [s]	Temperature [K]	Fluence [n_eq/cm2/s]	Leakage_current [mA/cm2]
5965	1500443005	1200		271.51		 225312642		204.50
5965	1500446605	3600		271.73		 224285051		208.00
5965	1500449205	2600		271.71		 216248387		206.00
-999	1500450405	1200		263.71		         0		-999.00
-999	1500454005	3600		260.62		         0		-999.00
-999	1500457605	3600		260.46		         0		-999.00
-999	1500458546	941		260.57		         0		-999.00
5966	1500459746	1200		272.01		 231408651		207.50
5966	1500459797	51		270.25		 172877973		207.50
-999	1500460997	1200		263.69		         0		-999.00
-999	1500464597	3600		260.61		         0		-999.00
-999	1500468197	3600		260.67		         0		-999.00
-999	1500471797	3600		260.65		         0		-999.00
-999	1500475397	3600		260.66		         0		-999.00
-999	1500478997	3600		260.69		         0		-999.00
-999	1500482597	3600		260.69		         0		-999.00
-999	1500486197	3600		260.65		         0		-999.00
-999	1500489797	3600		260.65		         0		-999.00
-999	1500493397	3600		260.66		         0		-999.00
-999	1500496997	3600		260.67		         0		-999.00
-999	1500500597	3600		260.67		         0		-999.00
-999	1500501125	528		260.67		         0		-999.00
5971	1500502325	1200		272.57		 241617043		219.00
5971	1500504042	1717		273.14		 260686092		214.00
-999	1500505242	1200		263.59		         0		-999.00
-999	1500508842	3600		260.59		         0		-999.00
-999	1500512442	3600		260.59		         0		-999.00
-999	1500516042	3600		260.61		         0		-999.00
-999	1500518166	2124		260.64		         0		-999.00
5974	1500519366	1200		271.12		 205775416		204.50
5974	1500519389	23		265.46		  17259767		204.50
-999	1500520589	1200		263.82		         0		-999.00
-999	1500524189	3600		263.82		         0		-999.00
-999	1500527789	3600		263.25		         0		-999.00
-999	1500531389	3600		263.85		         0		-999.00
-999	1500534989	3600		263.85		         0		-999.00
-999	1500538589	3600		260.72		         0		-999.00
-999	1500542189	3600		260.72		         0		-999.00
-999	1500545789	3600		260.67		         0		-999.00
-999	1500547279	1490		260.66		         0		-999.00
5976	1500548479	1200		270.74		 234471956		173.00
5976	1500552079	3600		271.40		 219016073		205.50
5976	1500555679	3600		271.36		 203577323		204.50
5976	1500559279	3600		270.84		 199912838		204.00
5976	1500562879	3600		270.51		 189161418		203.00
5976	1500566479	3600		270.27		 181054026		200.50
5976	1500570079	3600		269.89		 168360188		200.50
5976	1500573679	3600		269.57		 157561824		198.50
5976	1500577279	3600		269.17		 144434389		196.50
5976	1500580879	3600		269.03		 139634412		194.00
5976	1500584479	3600		268.70		 128743758		191.50
5976	1500588079	3600		268.49		 121591760		189.00
5976	1500591679	3600		268.25		 113773684		189.00
5976	1500595279	3600		268.10		 108651576		170.50
5976	1500598879	3600		267.86		 100598065		186.50
5976	1500602479	3600		267.70		  95310536		186.50
5976	1500602624	145		270.06		 174118822		186.50
-999	1500603824	1200		261.84		         0		-999.00
-999	1500607424	3600		264.84		         0		-999.00
-999	1500611024	3600		264.84		         0		-999.00
-999	1500614624	3600		264.84		         0		-999.00
-999	1500618224	3600		264.84		         0		-999.00
-999	1500621824	3600		264.84		         0		-999.00
-999	1500625424	3600		264.84		         0		-999.00
-999	1500629024	3600		261.84		         0		-999.00
-999	1500632624	3600		261.84		         0		-999.00
-999	1500636224	3600		261.84		         0		-999.00
-999	1500639824	3600		261.84		         0		-999.00
-999	1500643424	3600		261.84		         0		-999.00
-999	1500647024	3600		261.84		         0		-999.00
-999	1500649419	2395		261.84		         0		-999.00
5979	1500650619	1200		272.12		 242679496		218.50
5979	1500654219	3600		270.77		 197652903		190.00
5979	1500657819	3600		269.00		 138632110		215.50
5979	1500661419	3600		270.97		 204485127		218.00
5979	1500665019	3600		270.64		 193325829		216.50
5979	1500668619	3600		270.32		 182526262		214.00
5979	1500672219	3600		269.94		 170034157		211.50
5979	1500675819	3600		269.66		 160768428		208.50
5979	1500679419	3600		269.19		 144897760		206.00
5979	1500683019	3600		269.06		 140574288		204.50
5979	1500686619	3600		268.81		 132177764		201.50
5979	1500690219	3600		268.58		 124637863		201.50
5979	1500693819	3600		268.25		 113715064		199.00
5979	1500697419	3600		261.84		 107688284		  9.50
5979	1500701019	3600		261.84		 101898848		  9.50
5979	1500704619	3600		260.65		  96047019		  9.50
5979	1500704995	376		260.65		 114765798		  9.50
-999	1500706195	1200		260.65		         0		-999.00
-999	1500709795	3600		260.65		         0		-999.00
-999	1500713395	3600		260.91		         0		-999.00
-999	1500716382	2987		260.91		         0		-999.00
5980	1500717582	1200		267.95		 115559671		200.00
5980	1500721182	3600		268.13		 121418244		199.00
5980	1500724782	3600		267.95		 115366170		199.00
5980	1500728382	3600		267.61		 110012482		196.00
5980	1500731982	3600		267.37		 102159749		196.00
5980	1500735582	3600		267.16		  95141401		193.50
5980	1500739182	3600		267.08		  88637654		190.50
5980	1500740301	1119		266.70		  84263065		185.50
-999	1500741501	1200		263.62		         0		-999.00
-999	1500745101	3600		260.48		         0		-999.00
-999	1500748701	3600		263.48		         0		-999.00
-999	1500752301	3600		263.84		         0		-999.00
-999	1500755901	3600		263.84		         0		-999.00
-999	1500759501	3600		263.84		         0		-999.00
-999	1500763101	3600		263.82		         0		-999.00
-999	1500766701	3600		263.82		         0		-999.00
-999	1500770301	3600		263.82		         0		-999.00
-999	1500773901	3600		263.82		         0		-999.00
-999	1500777501	3600		263.82		         0		-999.00
-999	1500781101	3600		263.84		         0		-999.00
-999	1500784701	3600		263.84		         0		-999.00
-999	1500788301	3600		263.49		         0		-999.00
-999	1500791901	3600		263.71		         0		-999.00
-999	1500795501	3600		263.71		         0		-999.00
-999	1500799101	3600		263.83		         0		-999.00
-999	1500802701	3600		263.79		         0		-999.00
-999	1500806301	3600		263.80		         0		-999.00
-999	1500809901	3600		263.80		         0		-999.00
-999	1500813501	3600		263.80		         0		-999.00
-999	1500817101	3600		263.81		         0		-999.00
-999	1500820701	3600		260.56		         0		-999.00
-999	1500824301	3600		260.56		         0		-999.00
-999	1500827901	3600		263.56		         0		-999.00
-999	1500831501	3600		263.56		         0		-999.00
-999	1500835101	3600		263.82		         0		-999.00
-999	1500838701	3600		263.82		         0		-999.00
-999	1500842301	3600		263.82		         0		-999.00
-999	1500845901	3600		260.82		         0		-999.00
-999	1500849501	3600		260.82		         0		-999.00
-999	1500853101	3600		260.65		         0		-999.00
-999	1500853999	898		260.65		         0		-999.00
5984	1500855199	1200		272.31		 236911475		241.50
5984	1500858799	3600		273.12		 257168883		240.50
5984	1500862122	3323		260.54		 239701248		  9.50
-999	1500863322	1200		260.54		         0		-999.00
-999	1500866922	3600		258.84		         0		-999.00
-999	1500870522	3600		258.89		         0		-999.00
-999	1500874122	3600		258.89		         0		-999.00
-999	1500877722	3600		258.89		         0		-999.00
-999	1500881322	3600		258.89		         0		-999.00
-999	1500884922	3600		258.89		         0		-999.00
-999	1500888522	3600		259.06		         0		-999.00
-999	1500892122	3600		259.06		         0		-999.00
-999	1500895722	3600		259.06		         0		-999.00
-999	1500899322	3600		259.06		         0		-999.00
-999	1500902922	3600		259.06		         0		-999.00
-999	1500906522	3600		258.92		         0		-999.00
-999	1500910122	3600		258.97		         0		-999.00
-999	1500913722	3600		258.75		         0		-999.00
-999	1500917322	3600		258.75		         0		-999.00
-999	1500920922	3600		258.75		         0		-999.00
-999	1500924522	3600		259.01		         0		-999.00
-999	1500928122	3600		259.01		         0		-999.00
-999	1500931722	3600		259.01		         0		-999.00
-999	1500935322	3600		259.01		         0		-999.00
-999	1500938922	3600		259.01		         0		-999.00
-999	1500942522	3600		258.83		         0		-999.00
-999	1500946122	3600		258.87		         0		-999.00
-999	1500949722	3600		258.87		         0		-999.00
-999	1500953322	3600		258.87		         0		-999.00
-999	1500956922	3600		258.87		         0		-999.00
-999	1500960522	3600		258.96		         0		-999.00
-999	1500964122	3600		258.96		         0		-999.00
-999	1500967722	3600		259.02		         0		-999.00
-999	1500971322	3600		259.04		         0		-999.00
-999	1500974922	3600		259.04		         0		-999.00
-999	1500978522	3600		258.84		         0		-999.00
-999	1500982122	3600		258.84		         0		-999.00
-999	1500985722	3600		258.84		         0		-999.00
-999	1500989322	3600		258.84		         0		-999.00
-999	1500992922	3600		258.84		         0		-999.00
-999	1500996522	3600		258.84		         0		-999.00
-999	1501000122	3600		258.84		         0		-999.00
-999	1501003722	3600		258.84		         0		-999.00
-999	1501007322	3600		258.84		         0		-999.00
-999	1501010922	3600		258.84		         0		-999.00
-999	1501014522	3600		258.84		         0		-999.00
-999	1501018122	3600		258.84		         0		-999.00
-999	1501021722	3600		258.84		         0		-999.00
-999	1501025322	3600		258.84		         0		-999.00
-999	1501028922	3600		258.84		         0		-999.00
-999	1501032522	3600		258.84		         0		-999.00
-999	1501036122	3600		258.84		         0		-999.00
-999	1501039722	3600		258.84		         0		-999.00
-999	1501043322	3600		258.84		         0		-999.00
-999	1501046922	3600		258.84		         0		-999.00
-999	1501050522	3600		258.84		         0		-999.00
-999	1501054122	3600		263.83		         0		-999.00
-999	1501057722	3600		263.72		         0		-999.00
-999	1501061322	3600		263.67		         0		-999.00
-999	1501064922	3600		263.71		         0		-999.00
-999	1501068522	3600		263.71		         0		-999.00
-999	1501072122	3600		263.55		         0		-999.00
-999	1501075722	3600		263.83		         0		-999.00
-999	1501079322	3600		263.83		         0		-999.00
-999	1501082922	3600		263.73		         0		-999.00
-999	1501086522	3600		263.59		         0		-999.00
-999	1501090122	3600		260.87		         0		-999.00
-999	1501093722	3600		260.78		         0		-999.00
-999	1501097322	3600		260.78		         0		-999.00
-999	1501100922	3600		260.78		         0		-999.00
-999	1501104522	3600		260.78		         0		-999.00
-999	1501108122	3600		260.78		         0		-999.00
-999	1501111722	3600		260.78		         0		-999.00
-999	1501115322	3600		260.78		         0		-999.00
-999	1501118922	3600		260.78		         0		-999.00
-999	1501122522	3600		260.78		         0		-999.00
-999	1501126122	3600		263.78		         0		-999.00
-999	1501129722	3600		263.85		         0		-999.00
-999	1501133322	3600		263.83		         0		-999.00
-999	1501136922	3600		263.65		         0		-999.00
-999	1501140522	3600		263.70		         0		-999.00
-999	1501144122	3600		263.44		         0		-999.00
-999	1501147722	3600		263.70		         0		-999.00
-999	1501150652	2930		263.77		         0		-999.00
6012	1501151852	1200		263.81		     28280		162.00
6012	1501155452	3600		263.87		     33118		162.00
6012	1501159052	3600		263.81		     32421		162.00
6012	1501162652	3600		263.85		     31439		162.00
6012	1501166252	3600		263.85		     31099		162.00
6012	1501169852	3600		263.87		     30375		162.00
6012	1501173452	3600		263.86		     29742		162.00
6012	1501177052	3600		263.82		     29502		162.00
6012	1501179889	2837		263.80		     29039		162.00
-999	1501181089	1200		263.83		         0		-999.00
-999	1501184689	3600		263.86		         0		-999.00
-999	1501188289	3600		260.70		         0		-999.00
-999	1501191889	3600		263.90		         0		-999.00
-999	1501195489	3600		260.75		         0		-999.00
-999	1501197804	2315		260.64		         0		-999.00
-999	1501199509	1200		263.84		         0		-999.00
-999	1501203109	3600		260.72		         0		-999.00
-999	1501206709	3600		260.63		         0		-999.00
-999	1501206778	69		260.59		         0		-999.00
6016	1501207978	1200		263.81		     38612		162.00
6016	1501211578	3600		263.83		     44939		161.50
6016	1501215178	3600		263.82		     44735		160.50
6016	1501218778	3600		263.82		     44577		160.50
6016	1501222378	3600		263.85		     38508		162.50
6016	1501225978	3600		263.78		     16382		160.00
6016	1501229578	3600		263.83		     29339		160.00
6016	1501233178	3600		263.85		     20202		160.00
6016	1501236778	3600		263.76		     39241		157.50
6016	1501240378	3600		263.81		     29158		160.00
6016	1501243978	3600		263.82		     12540		157.00
6016	1501247578	3600		263.80		     45527		159.50
6016	1501251178	3600		263.82		     45522		159.50
6016	1501254778	3600		263.88		     40662		160.50
6016	1501258378	3600		263.80		     32787		160.50
6016	1501261978	3600		263.85		     35983		160.50
6016	1501265274	3296		263.81		     20707		160.50
-999	1501266474	1200		263.75		         0		-999.00
-999	1501270074	3600		260.72		         0		-999.00
-999	1501273674	3600		260.67		         0		-999.00
-999	1501277274	3600		260.80		         0		-999.00
-999	1501278765	1491		260.70		         0		-999.00
-999	1501280637	1200		263.72		         0		-999.00
-999	1501284237	3600		263.79		         0		-999.00
-999	1501287837	3600		263.80		         0		-999.00
-999	1501291437	3600		260.64		         0		-999.00
-999	1501295037	3600		260.70		         0		-999.00
-999	1501298637	3600		260.71		         0		-999.00
-999	1501302129	3492		260.75		         0		-999.00
6019	1501303329	1200		265.88		  54897719		175.00
6019	1501306929	3600		265.01		  47202998		157.00
6019	1501310529	3600		263.85		    898933		159.50
6019	1501314129	3600		263.86		    940722		159.50
6019	1501314368	239		260.84		    942480		  9.50
-999	1501315568	1200		259.64		         0		-999.00
-999	1501319168	3600		260.56		         0		-999.00
-999	1501322768	3600		260.71		         0		-999.00
-999	1501323083	315		260.71		         0		-999.00
6020	1501324283	1200		271.86		 224298646		226.50
6020	1501326979	2696		272.43		 238305609		231.00
-999	1501328179	1200		263.47		         0		-999.00
-999	1501331779	3600		263.86		         0		-999.00
-999	1501335379	3600		260.50		         0		-999.00
-999	1501338979	3600		260.67		         0		-999.00
-999	1501339478	499		260.67		         0		-999.00
-999	1501341526	1200		264.00		         0		-999.00
-999	1501345126	3600		260.75		         0		-999.00
-999	1501348726	3600		260.71		         0		-999.00
-999	1501352326	3600		260.74		         0		-999.00
-999	1501355926	3600		260.67		         0		-999.00
-999	1501357291	1365		260.72		         0		-999.00
6024	1501358491	1200		271.72		 218998074		231.00
6024	1501362091	3600		271.93		 225100966		228.00
6024	1501365691	3600		271.54		 211324021		231.00
6024	1501369291	3600		271.24		 204178350		226.50
6024	1501372891	3600		270.81		 190651001		227.00
6024	1501376491	3600		270.45		 182409578		224.50
6024	1501380091	3600		269.94		 168435055		219.00
6024	1501383691	3600		269.48		 155090481		219.00
6024	1501387291	3600		269.28		 146417569		219.50
6024	1501390891	3600		268.93		 138944303		214.50
6024	1501394491	3600		268.61		 130370408		214.50
6024	1501398091	3600		268.33		 122474831		211.00
6024	1501401691	3600		267.88		 113137322		207.00
6024	1501405291	3600		267.66		 105252919		207.00
6024	1501408891	3600		267.45		  99607814		207.00
6024	1501412491	3600		267.26		  93448452		204.50
6024	1501415152	2661		267.13		  89241262		204.50
-999	1501416352	1200		260.50		         0		-999.00
-999	1501419952	3600		260.67		         0		-999.00
-999	1501423552	3600		260.70		         0		-999.00
-999	1501427152	3600		260.69		         0		-999.00
-999	1501430752	3600		260.70		         0		-999.00
-999	1501433293	2541		260.67		         0		-999.00
6026	1501434493	1200		271.46		 209604887		244.50
6026	1501438093	3600		271.89		 222633040		245.00
6026	1501441693	3600		271.49		 210247495		241.00
6026	1501445293	3600		271.14		 200696676		239.50
6026	1501448893	3600		270.65		 187300076		239.50
6026	1501452493	3600		270.35		 178130344		237.00
6026	1501456093	3600		269.97		 167476528		234.50
6026	1501459693	3600		269.38		 151500102		229.00
6026	1501463293	3600		267.04		 144701435		176.50
6026	1501466893	3600		268.88		 137952872		227.50
6026	1501470493	3600		268.60		 129679358		225.00
6026	1501474093	3600		268.29		 121219530		222.50
6026	1501477693	3600		268.09		 114484199		223.00
6026	1501481293	3600		267.85		 109496197		220.50
6026	1501484893	3600		267.66		 103099422		218.00
6026	1501488493	3600		267.43		  98422401		218.00
6026	1501489502	1009		266.68		  77543488		215.00
-999	1501490702	1200		260.47		         0		-999.00
-999	1501494302	3600		260.39		         0		-999.00
-999	1501497902	3600		263.70		         0		-999.00
-999	1501501502	3600		263.70		         0		-999.00
-999	1501505102	3600		263.70		         0		-999.00
-999	1501508702	3600		258.04		         0		-999.00
-999	1501512302	3600		261.05		         0		-999.00
-999	1501513316	1014		260.54		         0		-999.00
6030	1501514516	1200		272.12		 233730609		259.00
6030	1501518116	3600		272.34		 241064934		263.50
6030	1501521716	3600		271.96		 228442080		258.50
6030	1501522858	1142		271.60		 216510046		258.50
